10 1
8 1
5 2
9 3
11 0
11 2
4 2
7 1
14 2
9 0
12 2
0 0
6 2
6 3
2 2
10 0
6 0
13 0
4 1
3 0
0 3
6 3
5 2
8 1
11 0
8 0
13 3
5 1
9 2
10 1
12 0
8 2
12 3
0 0
9 0
9 2
10 3
14 0
12 0
0 0
10 0
13 1
13 1
0 0
11 0
7 1
14 3
12 1
11 2
-1 0
10 3
8 1
10 1
11 2
0 1
3 0
4 2
3 1
6 2
7 1
3 3
3 1
0 2
2 0
3 2
4 1
0 0
13 1
12 0
15 3
9 2
0 0
7 2
10 3
12 1
2 0
9 0
9 3
6 3
5 3
11 0
6 3
6 2
0 0
6 2
8 1
0 1
2 3
8 0
6 1
10 3
3 0
0 0
8 3
13 2
4 1
0 0
4 2
2 0
2 3
0 2
5 1
1 3
15 3
1 2
2 0
7 3
0 0
1 0
4 2
0 0
10 0
14 2
10 3
8 0
0 0
4 1
5 1
4 2
12 2
8 1
0 0
5 3
8 1
4 3
0 0
7 1
7 3
8 0
8 3
8 3
10 2
0 0
6 1
2 3
7 3
13 1
7 3
4 0
6 0
6 3
6 0
12 1
7 2
4 0
2 1
3 3
2 2
7 3
9 1
0 0
9 1
8 1
2 0
8 2
9 3
5 2
5 0
4 1
3 1
0 0
14 1
9 3
8 2
8 1
10 3
3 0
1 0
1 2
6 1
1 1
0 1
5 3
3 2
10 3
8 3
13 3
6 0
1 1
11 3
10 2
8 0
0 0
7 1
7 1
7 0
14 1
7 0
8 3
10 1
12 3
3 0
1 3
7 2
2 1
1 1
1 3
2 3
3 0
3 3
0 2
0 1
11 0
3 3
4 2
6 3
1 2
8 1
11 3
0 0
1 0
0 0
0 2
7 0
13 0
14 0
12 1
15 2
11 2
0 0
11 1
12 3
7 0
7 0
0 0
10 1
15 2
14 0
7 0
14 3
0 0
12 1
6 1
15 2
7 1
5 0
8 0
9 2
0 0
5 2
7 2
14 2
13 1
8 0
0 0
7 1
12 1
7 3
9 1
0 1
7 2
14 3
11 1
0 0
4 3
2 0
0 0
2 0
2 3
8 0
8 3
7 1
5 0
1 0
15 1
0 3
5 0
0 1
2 1
3 0
8 0
7 1
3 2
0 0
6 2
1 0
1 0
0 0
4 1
2 2
0 1
7 1
6 0
6 1
3 3
6 0
9 3
15 1
14 2
14 0
0 0
2 1
3 0
0 1
8 1
3 0
11 3
3 2
0 1
14 3
12 2
11 1
10 1
15 2
15 2
0 3
1 2
2 0
0 3
1 1
6 2
5 0
2 2
3 0
5 1
5 2
3 0
6 0
0 1
11 2
5 1
3 3
13 2
14 1
14 3
-1 0
1 3
4 0
4 1
4 0
1 0
-1 2
7 3
1 3
5 0
0 0
6 1
3 1
5 2
8 1
5 3
0 0
2 3
2 0
1 1
2 0
4 3
5 1
6 0
5 1
9 1
1 0
4 2
0 0
4 1
3 2
6 1
14 3
3 3
1 1
11 2
12 3
12 2
5 2
7 2
3 2
0 1
1 0
2 3
4 1
6 0
1 3
2 2
1 3
5 0
2 1
6 2
1 0
2 3
2 0
1 2
4 3
2 3
1 3
10 1
6 2
5 3
0 0
14 2
9 2
11 2
10 1
7 0
5 0
10 1
5 2
4 2
1 0
7 2
9 2
14 1
9 2
10 3
2 2
3 1
5 3
7 0
4 2
10 1
2 1
1 0
1 3
10 1
12 3
5 2
6 3
0 2
10 3
11 1
11 1
15 3
1 0
13 1
10 2
11 0
12 0
6 3
7 3
2 1
7 3
5 3
1 0
4 3
5 2
10 0
5 0
8 1
5 0
10 0
11 2
1 1
6 0
2 2
3 1
0 0
5 0
1 1
2 1
11 2
1 2
3 3
4 3
2 0
0 3
5 2
2 2
4 0
8 2
10 0
5 0
3 2
7 3
9 0
0 1
0 0
11 0
10 2
15 2
0 1
6 1
9 2
14 0
9 3
11 0
2 3
4 0
7 1
10 2
9 0
1 2
3 1
4 1
0 3
11 0
6 3
5 0
5 3
1 2
11 0
5 0
5 3
5 3
8 3
3 1
1 0
3 1
9 2
4 1
2 0
0 0
6 3
3 2
10 0
7 3
3 1
0 0
9 0
8 3
12 2
13 1
5 3
1 0
11 3
12 0
13 3
15 2
9 0
4 1
9 3
12 2
14 1
1 1
11 2
9 3
7 0
8 2
2 0
4 3
6 1
5 0
11 2
10 3
9 0
5 3
2 1
7 3
8 1
10 1
10 2
7 0
0 2
7 2
1 0
2 0
3 3
5 3
4 1
9 3
8 0
0 1
9 0
9 1
11 2
8 3
9 1
1 3
8 2
10 3
2 1
1 2
12 1
10 1
13 0
16 2
1 3
13 2
14 3
1 3
14 1
14 0
1 3
2 1
11 2
14 0
13 1
0 3
15 3
14 1
13 2
14 1
9 1
14 0
0 2
11 0
13 0
13 1
14 3
14 3
2 2
12 0
1 3
7 3
14 1
4 0
6 1
4 0
4 1
3 1
4 0
12 0
10 2
3 1
10 1
13 2
14 3
15 1
12 0
15 3
11 1
11 0
14 3
15 1
12 3
13 3
14 2
2 0
6 3
6 0
6 2
5 0
3 0
6 1
5 0
12 1
6 0
4 2
6 0
4 2
5 1
5 2
5 3
13 3
4 1
4 3
4 1
0 0
6 1
4 2
5 2
6 0
4 3
5 0
6 1
5 1
4 0
4 1
6 1
3 0
8 2
11 3
14 3
11 1
14 0
6 3
14 3
5 2
13 0
1 3
1 3
2 1
2 3
2 0
13 3
2 2
4 2
4 1
2 0
1 3
3 1
5 0
2 1
5 2
4 3
4 2
3 0
4 0
4 0
5 3
4 1
0 3
5 2
2 1
5 1
3 3
0 0
0 0
0 3
5 1
5 0
3 1
0 1
0 3
5 1
1 2
0 3
3 1
0 0
5 2
0 1
6 2
12 0
6 2
12 2
9 3
4 0
2 2
0 3
0 0
2 0
5 2
4 2
1 1
2 0
0 1
2 2
3 2
5 2
4 0
1 0
5 2
1 2
11 2
5 1
11 1
9 0
0 0
11 0
11 1
11 2
11 1
11 0
3 0
5 0
5 3
11 3
11 0
1 1
4 1
11 1
11 3
3 2
9 1
0 0
1 0
11 1
6 3
11 3
2 1
5 0
12 0
11 3
1 3
0 3
3 1
2 0
5 2
0 1
0 3
3 3
12 1
9 0
3 2
10 0
2 0
10 0
9 3
2 3
0 1
1 3
14 1
14 3
10 2
15 0
12 0
11 2
11 0
8 3
11 3
11 0
13 2
9 0
12 3
12 1
11 2
1 3
2 2
2 0
1 0
-1 0
2 0
2 0
1 2
12 1
12 0
1 0
12 2
11 1
14 0
13 0
13 3
5 2
10 1
1 0
4 3
13 2
1 3
2 0
1 1
2 0
5 2
9 0
1 2
0 1
2 1
2 3
2 1
2 1
0 0
10 0
8 3
9 1
9 0
9 1
9 2
8 2
8 2
9 1
8 2
8 0
11 2
13 1
11 3
14 0
14 0
14 1
13 1
14 1
13 1
0 3
0 0
0 3
10 3
13 3
14 0
11 3
3 3
8 0
6 2
7 1
15 2
1 3
2 1
2 1
15 1
14 1
15 3
14 0
2 0
14 2
3 2
3 0
6 2
8 2
14 3
6 2
10 0
14 1
5 2
15 2
8 3
7 1
4 0
3 3
2 1
8 0
3 3
4 3
2 1
3 2
7 2
5 1
5 0
7 1
3 2
8 2
6 1
3 3
2 1
8 2
4 0
5 1
3 1
3 0
5 2
13 2
13 2
9 2
14 3
6 1
6 0
5 3
14 3
11 0
5 0
8 3
8 3
6 2
11 3
12 1
11 2
8 1
4 3
7 2
6 3
7 3
10 3
13 0
12 3
14 1
13 3
14 1
7 2
2 3
6 1
3 3
3 2
9 1
7 3
8 0
2 3
6 3
8 1
8 3
8 3
4 1
4 2
13 3
15 3
3 0
5 2
3 2
10 2
8 3
13 3
9 2
13 2
9 0
14 3
13 1
11 3
8 0
8 2
11 0
13 0
14 0
12 3
9 2
16 1
11 0
13 2
11 3
13 2
12 3
8 0
4 0
2 0
14 1
13 0
8 2
2 3
11 2
8 3
14 1
4 3
11 3
11 2
8 1
14 2
2 1
13 1
2 3
3 3
4 2
3 3
3 3
16 1
6 0
5 0
5 2
12 0
11 3
13 0
12 3
14 2
11 1
3 1
3 1
9 3
9 3
12 1
