15 23 4 20 1000
0 0 21 0 
21 0 0 0 
10 21 0 0 
21 4 0 0 
END
1 0 0 1 
21 9 0 0 
0 0 0 21 
0 21 0 0 
END
0 0 21 8 
0 5 0 21 
2 0 0 21 
0 21 0 0 
END
10 21 0 7 
0 6 0 0 
3 0 0 21 
0 8 0 0 
END
21 0 21 0 
0 0 0 5 
0 0 0 0 
0 9 4 21 
END
1 1 21 10 
0 0 0 0 
21 21 0 0 
0 0 0 0 
END
0 8 0 0 
0 10 21 7 
21 9 0 0 
0 0 0 0 
END
0 0 0 0 
10 21 9 7 
0 0 0 8 
0 0 0 6 
END
0 0 9 0 
10 21 0 0 
0 9 0 21 
0 7 0 0 
END
0 0 0 0 
0 2 21 0 
6 0 21 0 
21 0 8 0 
END
0 0 0 0 
5 2 21 4 
21 21 0 0 
0 0 0 4 
END
21 0 3 0 
1 0 9 0 
21 0 0 0 
0 0 3 0 
END
7 0 0 0 
7 0 0 21 
0 0 21 5 
0 21 21 0 
END
0 0 0 0 
21 0 0 0 
3 8 6 0 
21 21 21 0 
END
21 9 0 0 
9 5 0 21 
0 0 0 0 
21 0 21 0 
END
21 0 0 0 
0 0 0 8 
0 21 0 3 
0 2 7 21 
END
21 21 0 0 
0 0 0 0 
21 21 21 0 
0 0 21 0 
END
0 0 8 0 
0 10 4 0 
9 21 0 0 
0 0 0 21 
END
7 0 0 7 
6 0 0 0 
21 3 0 0 
0 21 0 0 
END
0 0 0 21 
0 4 0 0 
0 21 21 21 
0 0 0 10 
END
0 0 0 2 
21 21 0 0 
0 0 0 10 
0 21 0 21 
END
0 0 0 21 
6 0 21 0 
5 5 5 0 
0 0 0 21 
END
0 21 0 0 
0 21 0 0 
21 0 0 21 
8 21 0 0 
END
0 0 8 0 
0 0 0 21 
0 9 6 0 
4 21 0 0 
END
0 21 0 21 
8 0 0 0 
0 0 0 0 
21 8 0 6 
END
6 21 21 0 
0 0 0 0 
21 0 0 21 
3 0 0 21 
END
21 0 0 10 
0 0 0 8 
0 0 21 0 
0 4 0 4 
END
9 0 21 0 
0 0 0 0 
0 10 0 4 
0 0 4 10 
END
10 0 10 0 
1 0 0 0 
4 0 8 0 
0 0 5 0 
END
0 0 8 4 
5 0 0 0 
2 0 0 0 
0 21 6 0 
END
21 0 0 0 
0 0 0 0 
21 21 7 8 
0 2 0 0 
END
10 9 0 0 
0 21 0 0 
0 21 21 21 
0 0 0 0 
END
21 7 0 0 
0 0 0 21 
0 0 21 0 
4 0 0 9 
END
0 10 0 0 
0 4 10 0 
2 0 0 0 
21 21 0 0 
END
21 0 21 9 
21 0 0 0 
0 0 21 21 
0 0 0 0 
END
0 0 0 6 
0 0 10 0 
21 21 21 0 
0 21 0 0 
END
3 0 0 0 
0 21 21 0 
8 0 0 0 
21 0 10 21 
END
0 10 0 0 
6 21 0 0 
21 0 0 0 
0 0 21 6 
END
21 21 6 0 
21 9 0 0 
0 0 0 21 
0 0 0 0 
END
21 8 0 0 
21 0 7 3 
0 0 0 0 
0 9 0 0 
END
21 3 0 21 
0 0 6 0 
0 0 0 0 
21 21 0 0 
END
2 0 0 6 
0 21 0 6 
0 21 0 0 
0 10 0 0 
END
0 8 0 0 
21 0 0 1 
0 21 7 0 
0 10 0 0 
END
21 0 4 0 
0 0 21 6 
0 0 7 0 
0 21 0 0 
END
0 0 0 8 
0 21 21 0 
8 0 21 0 
0 0 21 0 
END
0 21 0 0 
0 21 1 0 
21 6 0 0 
0 2 0 0 
END
0 21 0 21 
0 8 0 0 
6 0 0 4 
0 0 0 7 
END
0 0 21 0 
0 0 7 0 
5 8 0 21 
0 0 21 0 
END
21 0 0 0 
0 0 8 0 
0 0 7 0 
9 21 21 0 
END
0 0 6 0 
21 0 0 21 
9 21 2 0 
0 0 0 0 
END
0 7 9 0 
0 0 6 0 
0 0 21 0 
21 0 0 8 
END
0 0 10 21 
0 0 5 0 
21 0 21 0 
0 0 0 21 
END
10 21 6 7 
0 0 0 0 
0 0 7 0 
0 21 0 0 
END
0 0 21 1 
21 3 0 0 
0 0 10 0 
0 0 0 9 
END
8 21 0 21 
21 0 21 0 
0 21 0 0 
0 0 6 0 
END
21 21 0 0 
0 0 3 0 
1 0 10 0 
0 0 0 8 
END
0 0 0 21 
0 0 0 21 
0 21 0 0 
1 4 0 6 
END
0 0 21 21 
21 0 0 0 
10 0 0 0 
3 21 0 1 
END
21 0 21 0 
0 21 0 0 
21 0 7 0 
21 0 0 0 
END
0 8 0 0 
0 7 21 0 
0 4 0 0 
0 21 0 10 
END
0 0 0 7 
21 3 0 0 
21 0 0 0 
0 21 0 10 
END
0 21 21 9 
0 21 0 0 
0 8 0 0 
0 6 0 0 
END
0 2 0 5 
0 0 9 0 
21 0 0 0 
0 21 0 21 
END
0 0 0 0 
21 0 0 7 
6 21 0 0 
7 0 21 0 
END
0 0 0 21 
0 0 21 0 
0 0 0 9 
0 21 21 21 
END
10 21 21 0 
0 0 0 3 
0 21 0 10 
0 0 0 0 
END
0 0 21 0 
10 0 0 0 
21 0 0 21 
0 6 21 0 
END
8 0 0 7 
7 7 0 0 
0 1 0 21 
0 0 0 0 
END
0 21 10 0 
0 3 2 0 
0 0 0 0 
3 0 21 0 
END
0 0 21 9 
0 0 0 21 
0 3 0 0 
0 21 6 0 
END
2 21 0 8 
21 0 0 0 
0 9 0 3 
0 0 0 0 
END
7 8 21 0 
0 0 0 7 
0 0 0 21 
9 0 6 0 
END
3 0 0 5 
21 0 0 0 
0 0 0 10 
7 5 0 0 
END
0 0 0 10 
21 21 21 0 
0 0 21 6 
0 10 0 0 
END
0 0 0 0 
21 21 0 21 
0 21 0 0 
21 0 9 0 
END
0 21 0 21 
0 0 6 7 
0 0 9 0 
0 0 10 0 
END
0 6 21 7 
0 21 0 0 
0 0 0 6 
0 0 0 21 
END
0 0 0 0 
0 21 0 6 
0 0 21 21 
6 0 6 3 
END
0 0 0 0 
0 0 8 21 
21 1 0 0 
0 0 21 21 
END
0 0 0 21 
0 21 10 0 
0 0 0 0 
21 0 4 6 
END
7 0 0 7 
0 0 21 0 
0 5 0 21 
21 0 0 0 
END
1 0 0 7 
0 0 0 0 
10 2 0 0 
0 21 0 6 
END
21 10 21 0 
0 10 0 9 
1 0 0 0 
0 0 0 0 
END
21 0 2 0 
0 21 1 21 
0 0 0 0 
21 0 0 21 
END
0 7 21 0 
21 0 0 0 
0 8 0 0 
5 0 0 10 
END
0 0 0 21 
8 0 7 21 
0 0 0 0 
0 4 0 21 
END
21 0 0 0 
9 0 0 7 
0 21 21 0 
0 8 9 0 
END
0 0 3 0 
0 0 3 0 
21 1 0 0 
21 0 0 21 
END
21 0 21 0 
0 0 0 8 
9 0 0 0 
8 0 0 8 
END
21 21 0 8 
21 0 0 0 
0 6 0 21 
0 0 0 0 
END
21 0 0 5 
4 0 0 9 
0 21 0 21 
0 0 0 0 
END
21 0 0 0 
0 21 0 21 
21 0 0 0 
0 21 0 4 
END
21 21 4 0 
0 0 0 0 
6 0 0 21 
0 0 8 21 
END
1 21 0 0 
0 6 0 21 
0 0 0 0 
0 0 2 4 
END
0 0 0 21 
21 0 0 0 
21 21 2 21 
0 0 0 0 
END
1 21 0 0 
21 0 0 0 
3 0 9 0 
21 0 0 0 
END
0 21 21 8 
0 0 0 0 
5 0 0 0 
0 21 21 0 
END
0 0 8 0 
21 0 21 0 
0 0 0 0 
21 7 21 0 
END
21 0 9 7 
0 0 1 0 
0 21 0 5 
0 0 0 0 
END
0 0 0 21 
0 21 0 0 
6 0 0 21 
0 3 21 0 
END
0 7 0 21 
9 6 0 0 
0 0 0 0 
21 21 0 0 
END
0 4 0 0 
0 0 21 21 
0 2 0 21 
0 21 0 0 
END
21 7 0 8 
21 0 10 0 
0 21 0 0 
0 0 0 0 
END
10 0 0 4 
0 21 0 0 
0 6 0 0 
21 21 0 0 
END
0 0 0 9 
0 0 0 21 
0 0 21 21 
8 0 8 0 
END
0 0 21 0 
0 0 21 0 
0 0 4 21 
21 21 0 0 
END
0 0 0 21 
6 0 0 0 
3 0 0 0 
5 21 21 0 
END
6 0 10 8 
10 9 0 0 
0 0 0 0 
21 21 0 0 
END
21 0 0 0 
8 0 0 21 
0 1 6 0 
0 0 0 21 
END
21 0 0 0 
0 6 21 21 
8 0 0 0 
0 21 0 0 
END
21 21 0 0 
0 0 9 21 
0 1 0 0 
0 7 0 0 
END
10 6 0 4 
0 0 9 0 
0 0 0 0 
21 0 3 0 
END
0 21 8 21 
0 0 0 0 
0 0 0 0 
0 9 21 4 
END
0 10 0 21 
0 0 9 0 
0 3 21 0 
0 0 0 21 
END
6 0 21 0 
0 10 0 21 
0 0 0 8 
0 21 0 21 
END
0 0 0 0 
0 9 0 21 
0 21 0 7 
1 0 9 0 
END
21 0 2 0 
0 0 0 0 
21 21 0 0 
0 21 8 0 
END
0 0 6 0 
0 21 0 8 
8 0 0 1 
0 10 0 0 
END
9 21 0 6 
0 0 0 21 
0 9 0 0 
21 0 0 5 
END
21 1 0 0 
21 0 21 2 
0 9 0 0 
0 0 0 0 
END
0 0 0 0 
8 21 0 21 
21 21 0 8 
0 8 0 0 
END
0 6 0 0 
0 21 0 0 
10 0 0 21 
8 0 7 0 
END
0 1 21 21 
21 0 0 21 
0 0 0 0 
0 21 0 0 
END
21 21 0 21 
6 0 9 0 
0 0 0 0 
0 0 0 8 
END
21 10 0 0 
0 1 0 21 
0 0 21 0 
0 0 8 0 
END
0 0 0 0 
6 6 2 0 
0 0 1 0 
8 0 21 0 
END
8 0 21 0 
21 21 0 0 
21 0 0 9 
21 0 0 0 
END
1 0 0 0 
21 3 0 0 
0 3 9 10 
0 0 0 0 
END
0 0 0 0 
2 21 0 21 
0 21 4 0 
0 0 21 0 
END
21 4 0 0 
0 1 0 0 
0 0 0 2 
0 21 1 0 
END
0 3 0 0 
0 21 0 0 
0 0 1 0 
5 0 21 9 
END
0 21 0 21 
0 0 0 7 
0 10 0 21 
0 21 0 0 
END
21 0 21 0 
21 21 0 0 
0 0 0 9 
0 0 0 8 
END
9 0 0 0 
0 8 6 0 
1 0 7 0 
0 0 21 0 
END
10 0 21 0 
0 0 21 10 
3 0 0 0 
21 0 0 0 
END
0 0 21 0 
0 0 0 0 
9 21 0 21 
0 8 0 3 
END
0 0 0 0 
0 0 0 21 
0 6 0 0 
8 21 21 21 
END
8 0 0 21 
1 0 7 0 
21 0 0 9 
0 0 0 0 
END
0 0 0 1 
0 0 21 0 
21 0 21 1 
1 0 0 0 
END
0 10 21 10 
0 0 0 0 
0 2 0 6 
0 21 0 21 
END
0 21 0 0 
6 0 4 21 
0 0 0 21 
0 10 0 7 
END
0 21 0 0 
0 6 0 7 
1 21 0 0 
0 0 0 21 
END
0 0 0 7 
0 21 0 10 
0 0 21 0 
0 10 0 21 
END
4 0 0 7 
0 0 9 10 
0 4 0 0 
0 0 0 21 
END
7 0 0 0 
0 21 21 5 
0 21 0 0 
21 0 0 21 
END
0 0 6 0 
0 9 0 0 
0 0 0 0 
21 21 7 5 
END
2 0 21 0 
0 3 21 0 
0 0 6 0 
21 6 0 0 
END
0 0 6 21 
21 0 0 0 
0 21 0 0 
9 21 0 0 
END
0 0 0 0 
21 21 9 7 
0 10 0 0 
0 0 0 21 
END
0 0 0 0 
0 0 9 21 
0 6 21 0 
21 0 0 21 
END
0 0 21 6 
21 0 3 0 
21 9 0 21 
0 0 0 0 
END
0 0 0 0 
0 0 3 21 
9 0 0 10 
0 10 0 5 
END
0 8 0 0 
8 0 0 10 
6 0 0 0 
0 0 21 21 
END
0 5 0 21 
21 21 8 0 
21 0 0 3 
0 0 0 0 
END
21 0 0 0 
3 0 0 10 
0 5 0 0 
21 0 0 21 
END
1 0 0 8 
0 0 1 10 
0 0 0 7 
6 0 0 0 
END
0 0 21 6 
0 5 0 0 
0 3 0 0 
6 0 4 0 
END
21 0 0 0 
21 0 4 0 
0 0 21 0 
21 0 8 0 
END
21 0 5 0 
21 21 21 2 
0 0 21 0 
0 0 0 0 
END
0 21 21 21 
0 10 0 0 
3 0 0 0 
0 21 0 10 
END
1 0 0 21 
0 8 0 10 
10 0 0 21 
0 0 7 0 
END
21 0 21 0 
0 1 0 3 
21 0 0 0 
0 21 0 0 
END
0 21 21 0 
0 4 21 2 
0 0 0 0 
0 0 21 21 
END
0 0 0 21 
10 0 8 0 
21 0 0 9 
0 21 7 0 
END
6 0 0 0 
9 9 0 21 
0 0 0 4 
0 0 21 0 
END
21 0 0 4 
0 0 0 9 
0 6 0 0 
21 0 0 5 
END
21 8 0 0 
0 7 0 0 
0 21 9 0 
0 21 0 0 
END
21 21 3 5 
0 0 0 0 
0 0 0 0 
6 7 0 0 
END
21 0 2 0 
21 0 0 10 
0 0 0 21 
0 0 9 0 
END
0 0 21 0 
21 0 0 6 
21 0 10 0 
21 0 0 0 
END
8 0 21 0 
21 0 0 5 
0 7 0 10 
0 0 0 0 
END
4 9 0 0 
0 0 10 0 
3 0 0 0 
21 9 0 0 
END
21 0 0 8 
0 0 5 21 
5 0 0 21 
0 0 0 0 
END
0 0 0 21 
0 0 10 0 
6 21 0 0 
0 0 21 21 
END
21 0 0 6 
0 21 21 0 
0 0 0 0 
0 21 0 2 
END
0 0 0 0 
0 0 21 21 
0 0 3 0 
8 21 0 7 
END
0 4 21 6 
0 0 6 0 
9 0 0 0 
0 21 0 10 
END
0 0 0 0 
21 0 6 8 
0 21 0 5 
0 0 1 21 
END
21 0 0 0 
0 6 0 0 
4 5 0 8 
0 0 0 6 
END
0 0 0 6 
0 0 10 0 
0 6 9 0 
2 0 5 0 
END
21 0 0 10 
0 10 0 0 
1 0 21 0 
0 8 3 0 
END
0 21 1 0 
6 0 21 6 
0 0 21 0 
0 0 0 21 
END
9 0 0 0 
8 0 0 0 
21 8 0 0 
21 5 0 0 
END
21 0 0 0 
8 0 0 21 
9 10 0 2 
0 0 0 0 
END
0 0 8 7 
0 21 0 0 
0 0 21 0 
21 0 4 0 
END
0 0 0 10 
0 21 0 0 
10 0 0 9 
6 0 0 8 
END
0 0 0 7 
0 0 21 0 
0 0 21 5 
0 0 21 9 
END
0 0 0 0 
0 0 21 21 
21 21 0 21 
0 0 21 0 
END
0 0 21 21 
21 0 21 7 
0 0 0 21 
0 0 0 0 
END
0 21 0 2 
0 0 4 0 
0 0 0 0 
0 9 21 2 
END
0 21 0 0 
9 0 0 0 
0 5 21 0 
10 0 8 0 
END
0 21 0 0 
0 2 0 0 
5 3 3 0 
0 21 0 0 
END
0 9 0 21 
0 0 0 10 
0 1 0 0 
21 21 0 0 
END
0 7 0 4 
0 21 0 0 
0 0 0 21 
21 21 0 0 
END
0 0 0 0 
0 8 21 0 
21 0 0 0 
21 21 1 0 
END
0 0 10 0 
21 5 0 0 
0 0 0 0 
21 7 0 21 
END
21 0 0 0 
21 0 8 10 
0 0 0 0 
2 0 9 21 
END
0 0 21 0 
0 0 21 7 
0 0 21 0 
7 0 21 0 
END
0 21 0 21 
0 21 0 0 
0 0 0 10 
0 6 1 0 
END
0 0 21 0 
1 3 0 0 
0 21 0 7 
0 2 0 0 
END
9 0 0 7 
0 0 0 0 
21 0 0 5 
0 21 0 7 
END
0 0 7 0 
0 0 0 0 
21 7 0 0 
10 21 6 2 
END
3 0 21 21 
9 0 0 0 
21 7 0 0 
0 3 0 0 
END
0 0 0 0 
0 10 0 8 
0 10 21 0 
21 6 0 0 
END
0 0 21 0 
0 6 0 21 
0 0 0 21 
21 2 0 0 
END
0 0 0 0 
0 21 21 21 
21 0 0 3 
9 0 0 0 
END
4 0 0 0 
0 5 0 0 
0 21 0 0 
8 0 21 21 
END
0 9 0 0 
0 21 0 6 
0 0 21 21 
2 0 0 0 
END
21 0 21 0 
0 0 0 0 
0 21 4 0 
21 0 0 9 
END
21 0 0 4 
0 21 21 0 
0 0 21 0 
0 0 0 21 
END
0 0 0 2 
7 0 6 0 
0 6 0 0 
0 21 10 0 
END
21 21 21 21 
0 0 0 0 
21 0 9 0 
0 0 0 0 
END
21 0 4 21 
0 0 10 0 
0 0 21 4 
0 0 0 0 
END
0 0 0 5 
21 0 0 21 
4 0 0 0 
21 0 0 21 
END
5 0 0 0 
21 0 0 0 
0 7 1 1 
0 0 6 0 
END
7 5 0 21 
0 21 0 0 
0 0 0 0 
0 5 5 0 
END
0 0 0 7 
21 21 0 0 
0 21 0 0 
0 7 21 0 
END
0 0 0 9 
0 0 0 0 
0 21 10 9 
0 6 0 10 
END
0 2 21 0 
0 0 0 0 
6 0 0 10 
21 0 0 21 
END
0 0 0 7 
7 21 0 0 
8 0 7 6 
0 0 0 0 
END
21 0 0 0 
8 6 0 0 
0 7 0 0 
5 0 0 21 
END
0 5 2 0 
21 0 0 0 
0 0 4 0 
21 0 0 21 
END
21 21 0 9 
0 0 0 21 
0 21 0 0 
0 0 0 2 
END
0 21 0 21 
0 0 21 0 
21 0 0 21 
0 0 0 21 
END
7 4 0 0 
21 0 0 0 
0 0 0 8 
9 6 0 0 
END
0 0 9 0 
0 0 0 0 
21 5 0 0 
10 1 0 21 
END
21 21 21 21 
0 0 0 0 
0 0 0 21 
21 0 0 0 
END
0 0 21 0 
0 0 0 21 
10 0 8 2 
0 21 0 0 
END
0 0 0 0 
0 0 6 0 
21 0 21 0 
7 10 0 2 
END
0 8 0 0 
0 0 7 21 
21 0 0 0 
0 7 0 6 
END
8 0 0 0 
4 0 21 21 
0 10 0 21 
0 0 0 0 
END
21 0 6 0 
0 0 21 0 
0 0 21 0 
21 0 8 0 
END
0 0 0 0 
0 1 0 21 
21 9 0 21 
0 0 0 7 
END
0 21 0 21 
0 0 0 0 
0 1 21 5 
0 21 0 0 
END
21 0 0 21 
0 0 7 0 
10 0 0 0 
21 10 0 0 
END
5 21 21 0 
0 9 0 0 
0 21 0 0 
0 0 0 21 
END
21 0 0 0 
0 21 0 0 
10 9 0 21 
0 21 0 0 
END
0 9 21 21 
0 0 0 0 
6 0 7 0 
0 0 0 21 
END
9 0 0 9 
0 0 0 0 
21 0 21 0 
21 7 0 0 
END
0 0 0 8 
21 0 6 0 
21 7 2 0 
0 21 0 0 
END
21 0 4 0 
0 0 0 0 
0 21 21 0 
0 7 0 3 
END
21 0 0 0 
0 7 21 0 
0 0 21 0 
6 4 2 0 
END
21 0 8 0 
0 0 0 21 
0 0 2 5 
0 0 21 21 
END
21 0 0 0 
9 21 0 0 
9 0 21 0 
0 0 3 0 
END
0 1 0 0 
0 8 21 0 
0 0 0 3 
1 8 0 0 
END
0 0 21 21 
0 10 0 0 
21 0 0 0 
8 0 0 21 
END
3 0 0 0 
0 0 0 0 
0 0 21 6 
2 21 0 2 
END
0 21 10 1 
21 0 0 0 
1 0 0 21 
0 0 0 8 
END
21 0 0 0 
0 0 0 0 
21 21 0 0 
9 10 0 10 
END
21 0 0 0 
21 0 0 6 
0 0 5 0 
0 6 0 1 
END
0 1 0 21 
0 10 0 0 
0 0 21 0 
0 7 21 0 
END
0 0 21 0 
21 0 0 9 
0 21 0 0 
0 0 9 21 
END
0 8 0 5 
8 0 0 0 
0 0 6 21 
0 10 0 21 
END
7 6 0 21 
21 0 0 0 
0 0 21 0 
21 0 0 0 
END
21 5 7 0 
21 0 0 21 
0 7 0 0 
0 0 0 0 
END
21 0 9 0 
0 0 0 0 
0 21 0 0 
0 21 21 21 
END
21 0 10 21 
0 21 0 0 
0 0 21 21 
0 0 0 21 
END
8 21 0 0 
6 0 3 0 
0 0 0 0 
0 21 0 21 
END
0 6 0 0 
21 0 8 0 
0 21 1 0 
0 21 0 7 
END
0 6 21 0 
0 0 21 0 
0 7 1 0 
10 1 0 0 
END
0 0 0 4 
21 0 0 0 
0 0 21 21 
21 7 0 0 
END
6 0 0 0 
0 0 4 0 
0 0 0 4 
7 0 21 21 
END
21 7 1 21 
0 0 0 0 
21 0 0 0 
0 0 0 6 
END
2 0 0 0 
0 0 21 0 
0 0 0 21 
21 21 21 0 
END
0 21 4 0 
9 0 0 21 
0 21 0 0 
0 6 0 21 
END
0 21 0 0 
0 21 0 0 
6 0 21 10 
21 0 0 0 
END
0 0 0 21 
21 0 0 0 
21 0 21 21 
0 21 0 0 
END
7 0 0 21 
0 8 6 0 
21 0 8 0 
21 0 0 0 
END
21 0 0 0 
21 21 0 0 
7 21 21 0 
0 0 0 0 
END
21 0 0 0 
4 0 0 9 
6 0 0 21 
0 0 0 21 
END
0 21 0 0 
0 0 6 0 
0 0 21 0 
6 21 0 2 
END
0 8 0 6 
0 3 0 3 
0 21 0 0 
0 0 21 0 
END
21 0 10 5 
0 0 0 0 
0 8 0 7 
21 0 0 21 
END
0 0 0 0 
8 21 0 0 
0 0 0 8 
21 21 0 1 
END
0 21 0 21 
0 0 6 21 
0 0 0 7 
0 21 0 0 
END
0 21 0 5 
21 0 0 0 
21 0 10 0 
0 21 0 0 
END
0 0 0 0 
0 10 0 21 
10 1 0 0 
21 0 0 10 
END
0 0 9 0 
10 0 0 0 
0 21 10 0 
0 21 21 0 
END
6 0 0 21 
0 0 0 0 
0 21 21 0 
0 21 10 0 
END
0 0 21 0 
0 7 0 0 
21 4 21 21 
0 21 0 0 
END
0 0 21 0 
0 0 0 4 
0 21 0 0 
4 0 21 21 
END
0 0 0 10 
0 0 0 0 
0 0 9 9 
21 0 21 21 
END
2 0 21 7 
0 21 0 0 
0 8 0 0 
0 0 21 0 
END
0 0 6 0 
0 21 4 0 
0 0 21 0 
0 7 0 9 
END
9 0 0 0 
0 0 0 0 
10 0 21 7 
21 1 0 0 
END
0 0 0 21 
21 0 0 2 
7 0 0 7 
21 0 0 0 
END
0 0 0 21 
21 0 0 8 
0 0 4 21 
0 0 6 0 
END
21 0 21 0 
7 21 0 0 
0 10 2 0 
21 0 0 0 
END
21 21 21 7 
0 0 0 0 
0 21 0 21 
0 0 0 21 
END
2 0 0 0 
8 9 0 0 
0 21 0 5 
2 0 0 0 
END
0 0 0 0 
9 6 0 0 
21 0 0 0 
10 0 21 21 
END
21 0 0 0 
0 6 0 8 
21 0 0 21 
0 0 0 21 
END
9 2 21 0 
0 0 0 0 
0 9 0 6 
2 0 0 0 
END
21 0 8 21 
0 21 0 0 
0 0 0 0 
0 21 0 21 
END
0 0 0 0 
0 0 0 21 
21 21 0 1 
21 0 0 21 
END
0 0 0 0 
2 21 0 0 
10 0 0 0 
8 0 21 21 
END
10 0 21 10 
0 0 6 0 
0 21 0 0 
21 0 0 0 
END
10 0 21 0 
2 0 0 0 
21 0 7 0 
0 0 0 9 
END
4 0 0 0 
0 0 10 21 
0 8 2 0 
0 7 6 0 
END
0 0 0 10 
21 0 21 21 
0 0 0 10 
0 4 5 0 
END
21 0 0 21 
21 0 0 10 
0 0 0 0 
0 0 4 3 
END
21 0 10 0 
21 0 0 0 
0 21 8 10 
0 0 0 0 
END
0 9 21 0 
0 6 1 8 
3 0 0 0 
0 0 0 0 
END
1 0 0 0 
1 21 0 21 
0 9 21 0 
0 21 0 0 
END
0 0 6 0 
0 0 21 3 
0 0 0 0 
21 2 21 0 
END
0 0 21 2 
0 0 7 0 
0 21 0 0 
0 0 21 21 
END
0 0 0 5 
0 21 21 21 
0 0 21 0 
3 10 0 0 
END
21 0 0 0 
21 9 5 0 
0 0 0 0 
0 7 0 9 
END
0 9 0 21 
0 21 0 0 
1 0 0 0 
3 3 0 0 
END
0 0 0 7 
0 8 1 0 
2 21 21 0 
0 0 0 0 
END
0 0 21 0 
0 8 0 0 
10 21 21 0 
21 0 0 4 
END
0 0 21 0 
0 0 21 0 
21 10 21 0 
9 0 0 0 
END
0 7 7 9 
0 0 21 10 
0 0 2 0 
0 0 0 0 
END
0 21 7 0 
0 0 0 0 
21 0 0 3 
5 0 21 0 
END
0 0 0 21 
0 21 0 21 
7 0 0 0 
21 0 21 0 
END
7 21 0 21 
0 21 0 10 
0 0 0 0 
0 0 0 2 
END
7 21 0 0 
0 4 0 6 
0 0 0 0 
7 10 0 0 
END
7 0 0 0 
0 0 10 0 
0 9 0 6 
2 21 0 0 
END
0 0 0 0 
21 7 0 0 
21 0 6 21 
0 0 21 0 
END
8 0 0 1 
0 0 21 8 
0 0 0 9 
9 0 0 0 
END
21 0 21 0 
4 0 0 0 
0 0 0 0 
10 8 10 0 
END
0 0 0 21 
8 0 4 7 
6 21 0 0 
0 0 0 0 
END
10 21 0 0 
0 0 0 21 
21 0 0 0 
0 0 21 21 
END
0 0 10 0 
0 21 21 1 
0 0 21 0 
0 0 0 10 
END
21 1 0 0 
2 0 0 0 
0 21 0 0 
1 21 0 0 
END
0 4 0 2 
0 7 0 0 
0 9 21 21 
0 0 0 0 
END
3 0 21 0 
0 0 21 0 
0 0 6 0 
0 21 8 0 
END
0 0 0 21 
21 9 0 2 
0 7 0 0 
0 0 5 0 
END
0 0 0 0 
0 21 0 0 
21 0 0 9 
21 1 0 1 
END
0 7 0 0 
21 0 0 0 
7 0 9 0 
9 0 0 21 
END
0 21 0 21 
1 10 0 0 
0 0 0 21 
21 0 0 9 
END
4 0 0 21 
21 0 0 0 
0 10 0 6 
0 0 0 7 
END
0 0 0 9 
9 21 0 10 
0 0 0 1 
0 21 0 0 
END
8 0 8 0 
0 6 9 21 
6 0 0 0 
0 0 7 0 
END
0 21 0 0 
0 21 8 0 
7 0 0 0 
7 9 0 0 
END
0 6 0 21 
0 0 0 0 
0 21 21 9 
0 21 5 0 
END
4 0 0 7 
0 0 21 0 
21 0 21 0 
0 21 0 0 
END
0 0 21 0 
0 6 0 0 
5 9 0 0 
0 21 21 0 
END
21 21 10 21 
0 0 0 0 
0 9 0 21 
0 0 0 0 
END
5 21 0 0 
0 0 21 0 
6 0 0 21 
21 0 0 0 
END
0 6 0 10 
6 21 0 0 
8 0 0 0 
0 21 0 0 
END
0 0 0 0 
0 7 8 0 
21 9 21 0 
8 0 0 0 
END
0 21 0 0 
5 0 6 0 
21 0 0 2 
0 0 0 21 
END
0 0 0 0 
0 10 21 10 
0 0 0 10 
21 2 0 4 
END
0 21 0 0 
0 5 0 0 
7 0 4 0 
8 0 0 9 
END
0 0 6 0 
0 21 4 3 
0 0 1 0 
9 0 0 21 
END
0 0 0 6 
10 21 4 0 
0 8 9 0 
0 0 0 0 
END
8 0 8 0 
0 0 0 21 
8 0 0 21 
4 2 0 0 
END
0 0 0 21 
1 0 0 0 
0 21 6 6 
0 0 0 4 
END
21 0 21 0 
21 0 0 0 
0 21 3 0 
0 4 0 6 
END
2 0 21 0 
0 0 0 2 
0 8 0 1 
21 0 0 0 
END
0 0 0 2 
0 0 9 9 
0 21 21 0 
0 0 0 21 
END
0 7 21 0 
0 0 0 21 
0 8 0 2 
0 3 0 4 
END
0 0 3 0 
21 0 0 6 
21 0 0 4 
0 0 21 0 
END
21 0 21 1 
0 0 0 0 
8 10 0 21 
0 0 0 0 
END
0 0 6 3 
0 2 0 0 
0 0 9 10 
0 0 0 21 
END
0 0 8 0 
0 0 6 0 
7 0 21 0 
0 0 5 21 
END
6 21 0 0 
0 21 21 0 
0 0 8 0 
0 0 21 0 
END
0 0 21 21 
0 0 0 0 
0 0 0 7 
8 5 0 21 
END
6 21 0 0 
0 7 9 0 
0 21 0 0 
0 2 0 0 
END
21 0 6 10 
9 0 3 21 
0 0 0 0 
0 0 0 0 
END
0 0 0 0 
21 0 0 0 
7 0 0 9 
21 21 0 7 
END
0 3 0 0 
0 0 0 10 
0 0 21 7 
21 0 3 0 
END
0 6 0 0 
0 21 0 21 
21 21 0 0 
0 21 0 0 
END
0 21 0 0 
0 8 9 21 
0 21 0 0 
0 0 0 21 
END
0 0 7 0 
6 21 0 0 
21 21 0 5 
0 6 0 0 
END
3 8 0 0 
0 21 0 0 
0 21 21 0 
0 0 21 0 
END
0 21 0 0 
0 21 2 0 
21 0 0 0 
0 21 8 0 
END
0 0 0 0 
6 5 0 0 
0 0 1 10 
21 4 0 0 
END
10 0 21 0 
0 0 6 0 
0 21 2 0 
9 0 0 0 
END
0 0 6 0 
0 0 0 8 
6 0 0 9 
9 0 0 8 
END
6 0 0 2 
21 9 0 0 
0 0 0 0 
0 7 0 8 
END
0 0 21 10 
0 21 0 0 
0 0 21 8 
0 2 21 0 
END
7 10 21 10 
0 0 0 0 
0 0 0 3 
21 0 10 0 
END
21 0 0 9 
0 0 21 0 
0 6 0 0 
21 0 0 21 
END
21 21 0 0 
21 8 0 0 
0 1 0 0 
0 0 0 21 
END
0 0 0 8 
0 0 0 9 
0 5 0 7 
0 6 6 0 
END
2 0 0 0 
0 21 0 0 
0 5 0 0 
0 21 21 21 
END
0 9 0 0 
0 9 0 21 
0 9 0 0 
0 21 21 0 
END
0 0 0 21 
0 21 2 21 
0 0 0 0 
21 0 0 6 
END
0 0 3 0 
21 0 0 0 
0 0 5 4 
9 0 0 21 
END
21 0 0 21 
0 0 21 8 
0 0 0 21 
21 0 0 0 
END
1 0 0 0 
0 21 0 6 
0 0 0 21 
0 2 0 8 
END
7 0 0 0 
0 8 7 0 
6 0 21 0 
0 0 9 0 
END
0 10 0 0 
10 0 7 0 
0 2 0 0 
0 8 0 21 
END
0 0 0 0 
0 6 0 0 
10 0 9 21 
0 0 21 4 
END
0 0 0 1 
9 5 0 0 
0 1 0 2 
0 21 0 0 
END
0 0 0 0 
21 0 7 0 
9 0 2 0 
2 0 0 9 
END
21 0 0 3 
0 0 4 0 
0 0 0 0 
21 0 5 6 
END
21 0 9 0 
0 0 0 10 
0 0 0 21 
9 21 0 0 
END
9 6 0 0 
0 0 0 6 
21 0 0 0 
0 21 0 21 
END
0 0 0 21 
0 21 9 0 
0 0 21 0 
0 0 6 21 
END
0 21 9 9 
0 0 0 0 
21 21 0 0 
0 0 21 0 
END
0 21 0 10 
0 7 0 0 
21 0 0 0 
0 9 21 0 
END
0 0 0 21 
10 0 0 21 
0 21 0 0 
21 0 9 0 
END
0 0 0 0 
10 0 2 0 
9 0 0 0 
0 21 21 1 
END
21 0 0 10 
0 2 21 0 
0 0 0 21 
0 0 0 9 
END
0 21 0 0 
9 21 0 0 
21 21 0 0 
0 0 8 0 
END
0 0 0 21 
4 0 0 0 
21 0 21 0 
9 0 0 3 
END
0 0 0 21 
21 21 0 0 
21 3 0 0 
2 0 0 0 
END
0 0 21 0 
0 0 8 0 
0 21 0 21 
0 1 21 0 
END
0 0 8 21 
0 21 0 0 
0 7 0 0 
21 0 21 0 
END
0 4 0 4 
0 21 0 3 
0 0 21 7 
0 21 0 0 
END
0 2 8 0 
0 0 0 21 
8 0 0 10 
5 0 21 0 
END
0 0 0 3 
0 21 0 21 
0 7 0 0 
0 9 8 0 
END
6 21 21 3 
0 0 0 0 
0 0 10 0 
0 6 0 0 
END
0 0 21 21 
0 0 8 21 
21 0 0 0 
0 0 0 21 
END
21 0 0 0 
21 0 21 0 
0 21 6 9 
0 0 0 0 
END
0 6 21 0 
0 4 21 0 
0 0 0 0 
0 4 0 6 
END
0 0 0 0 
0 21 21 0 
0 6 9 0 
0 0 21 7 
END
0 6 0 3 
4 0 0 10 
0 0 0 0 
0 0 21 10 
END
21 0 0 7 
0 0 0 0 
0 0 21 5 
0 21 0 8 
END
21 0 0 0 
0 0 0 9 
0 21 6 0 
21 0 0 8 
END
21 0 10 0 
0 0 21 0 
0 0 9 8 
0 0 7 0 
END
0 10 21 0 
21 2 0 0 
0 0 0 0 
21 21 0 21 
END
0 21 0 0 
21 0 0 0 
9 0 0 4 
4 0 0 7 
END
0 0 0 0 
0 0 0 21 
8 0 10 21 
9 21 7 0 
END
0 0 10 0 
8 0 4 0 
21 0 0 0 
0 21 0 21 
END
0 7 0 0 
2 0 0 0 
6 0 0 2 
0 21 0 7 
END
8 21 21 0 
0 5 0 7 
0 0 6 0 
0 0 21 0 
END
0 9 0 0 
2 5 21 0 
0 0 7 0 
0 0 0 6 
END
4 0 5 6 
0 0 0 0 
0 0 0 10 
21 0 21 0 
END
0 0 8 21 
3 0 0 0 
21 0 0 0 
9 21 0 0 
END
0 0 0 0 
0 0 0 21 
0 0 21 21 
0 21 21 8 
END
2 5 0 0 
21 0 0 5 
0 0 0 1 
6 0 0 0 
END
0 0 0 0 
10 0 0 0 
21 10 8 21 
0 0 21 0 
END
0 3 0 4 
0 0 0 0 
8 21 0 4 
0 0 0 21 
END
0 0 0 21 
21 7 0 0 
0 2 21 0 
0 2 0 0 
END
0 0 0 10 
0 21 0 0 
0 21 21 21 
0 0 21 0 
END
0 1 0 1 
0 21 0 21 
0 10 9 0 
0 0 0 0 
END
0 0 7 0 
0 0 0 0 
0 21 0 2 
0 21 8 21 
END
0 8 0 0 
0 0 0 21 
8 6 21 0 
21 0 6 0 
END
0 0 21 0 
5 9 21 21 
0 7 0 8 
0 0 0 0 
END
0 21 0 21 
0 5 0 7 
0 21 0 0 
0 10 0 0 
END
0 0 0 6 
21 0 0 0 
6 0 0 8 
7 0 21 0 
END
0 9 2 1 
10 0 21 0 
0 0 0 0 
0 21 0 0 
END
0 0 0 0 
0 21 0 21 
0 0 2 0 
0 9 21 21 
END
0 0 0 0 
0 21 1 21 
0 21 7 0 
0 9 0 0 
END
0 0 2 21 
9 0 0 21 
0 0 0 0 
6 0 0 21 
END
0 21 9 7 
0 0 0 0 
0 10 8 0 
0 10 0 6 
END
21 3 0 0 
0 0 4 0 
0 21 0 0 
0 0 9 21 
END
0 21 0 2 
0 0 0 10 
0 21 0 21 
0 0 7 21 
END
10 0 10 0 
0 7 0 21 
21 0 0 0 
8 0 0 0 
END
0 0 8 4 
21 0 0 5 
0 8 0 0 
0 0 1 0 
END
0 0 5 0 
0 21 0 0 
21 0 8 0 
0 21 0 21 
END
21 0 0 8 
0 0 0 0 
0 21 0 21 
21 1 9 0 
END
9 0 0 21 
0 0 0 0 
8 0 0 10 
0 6 3 0 
END
0 0 0 10 
10 0 0 21 
0 21 0 6 
5 0 0 0 
END
0 0 21 10 
0 0 2 21 
0 0 0 7 
0 0 0 21 
END
0 0 0 0 
0 0 21 0 
0 9 7 0 
21 0 4 1 
END
10 1 0 0 
0 0 0 0 
0 21 3 0 
21 0 21 21 
END
21 0 0 0 
0 0 0 9 
0 21 6 0 
0 21 10 0 
END
10 2 0 0 
0 0 8 0 
9 0 0 0 
21 0 8 5 
END
0 0 0 21 
21 0 21 0 
3 21 5 0 
0 0 0 0 
END
0 0 6 0 
3 0 21 0 
0 0 0 5 
6 9 0 0 
END
0 0 3 21 
0 21 0 0 
0 0 21 0 
0 7 0 10 
END
0 0 1 0 
0 6 0 21 
21 0 0 0 
9 0 21 0 
END
0 0 0 0 
0 21 0 0 
5 6 7 7 
0 0 0 8 
END
0 0 0 8 
0 10 0 3 
0 0 21 7 
0 0 0 7 
END
0 10 0 0 
0 21 0 21 
9 0 0 0 
2 0 21 0 
END
0 0 21 0 
10 4 0 21 
0 2 0 2 
0 0 0 6 
END
0 0 8 0 
0 0 21 21 
0 0 0 0 
6 0 6 21 
END
21 21 0 2 
9 21 0 0 
0 0 0 0 
0 21 0 0 
END
21 0 7 0 
0 0 0 0 
21 0 0 0 
9 3 21 2 
END
21 0 8 0 
0 0 0 9 
21 0 21 0 
0 0 21 0 
END
0 21 2 0 
0 0 0 0 
7 0 21 21 
21 0 0 0 
END
0 0 0 0 
0 21 0 21 
0 6 0 10 
0 0 21 10 
END
0 0 8 0 
0 2 21 0 
0 0 8 0 
0 7 21 0 
END
0 0 10 0 
0 4 0 21 
21 0 21 0 
0 0 0 9 
END
2 21 0 0 
0 0 0 0 
21 0 21 0 
21 0 0 9 
END
8 7 0 0 
21 0 4 0 
0 0 0 0 
21 0 5 0 
END
0 8 0 21 
6 6 0 21 
0 0 0 0 
0 21 0 0 
END
21 21 0 0 
0 0 0 21 
1 21 0 0 
0 0 0 21 
END
21 21 0 0 
0 0 0 0 
21 21 0 21 
7 0 9 0 
END
0 21 0 0 
0 0 0 21 
0 0 21 4 
9 3 0 0 
END
0 0 0 21 
0 21 0 21 
0 0 7 21 
0 0 0 8 
END
0 0 0 21 
5 0 0 0 
0 21 0 21 
1 21 0 7 
END
6 7 9 0 
0 7 0 7 
0 1 0 0 
0 0 3 0 
END
21 5 0 0 
1 8 0 0 
0 0 0 0 
0 0 9 10 
END
9 21 0 0 
0 21 0 0 
0 21 21 0 
21 0 0 0 
END
0 21 0 0 
0 0 0 0 
0 21 0 10 
0 21 5 21 
END
21 8 7 0 
21 21 0 0 
8 0 0 0 
0 0 0 0 
END
0 2 21 6 
0 0 0 0 
0 0 21 0 
0 7 21 0 
END
0 0 0 0 
21 0 0 5 
21 0 0 0 
0 21 9 7 
END
4 9 0 21 
10 0 0 0 
0 8 0 7 
0 0 0 0 
END
0 0 0 7 
0 7 21 0 
0 10 0 21 
0 0 0 21 
END
0 0 0 21 
7 10 0 3 
8 0 0 0 
6 0 0 21 
END
0 0 1 9 
0 0 0 21 
0 0 0 9 
0 0 9 3 
END
0 0 21 21 
21 0 21 0 
3 21 0 0 
0 10 0 0 
END
21 0 0 8 
0 2 0 0 
0 21 0 6 
0 0 8 0 
END
0 0 7 8 
2 7 0 0 
21 21 0 0 
0 0 0 0 
END
0 0 0 21 
0 9 0 21 
0 21 0 0 
21 0 0 10 
END
0 0 0 0 
8 21 21 0 
9 7 0 0 
21 0 0 0 
END
1 8 0 0 
10 0 0 0 
9 0 9 0 
0 0 10 0 
END
21 0 0 0 
3 0 0 21 
0 5 0 21 
21 0 0 0 
END
0 0 0 21 
0 0 0 0 
10 21 10 8 
21 0 0 0 
END
21 21 0 0 
6 0 0 4 
0 0 0 0 
4 0 21 0 
END
8 0 0 0 
0 1 0 21 
0 0 9 0 
0 10 0 21 
END
0 0 5 7 
0 0 21 21 
0 0 0 0 
0 21 1 0 
END
0 8 0 0 
0 0 0 10 
8 0 0 8 
0 10 0 5 
END
21 0 21 0 
6 0 3 0 
0 0 21 0 
0 6 0 0 
END
0 21 0 0 
0 0 21 0 
21 0 0 0 
21 7 21 0 
END
21 7 0 0 
0 21 0 0 
0 0 0 21 
21 0 21 3 
END
0 21 10 0 
0 21 5 0 
0 3 0 0 
0 21 0 0 
END
0 0 21 10 
0 0 9 0 
21 0 0 8 
0 0 0 21 
END
0 0 21 0 
21 10 2 0 
1 0 0 0 
21 0 5 0 
END
2 6 0 0 
0 0 6 0 
0 0 0 0 
3 21 0 5 
END
8 7 8 0 
0 0 7 21 
0 0 0 0 
0 21 0 0 
END
0 0 0 21 
21 0 8 0 
9 0 21 0 
0 0 0 8 
END
0 21 21 0 
0 10 0 21 
0 0 21 0 
0 0 7 21 
END
0 0 21 0 
0 7 0 0 
0 0 21 0 
8 8 10 0 
END
0 0 0 0 
0 0 0 8 
21 0 21 7 
0 6 7 0 
END
0 4 0 6 
3 0 9 0 
4 0 0 0 
0 0 9 0 
END
0 9 2 0 
0 21 0 5 
0 0 0 0 
0 0 21 21 
END
0 0 0 0 
0 21 21 0 
10 0 0 21 
21 8 0 0 
END
21 0 0 7 
0 5 0 0 
21 0 21 10 
0 0 0 0 
END
0 3 0 0 
0 4 0 0 
21 0 21 0 
21 21 0 0 
END
0 1 0 21 
8 0 0 0 
0 0 1 21 
0 0 0 21 
END
0 0 21 3 
0 0 10 0 
21 0 8 8 
0 0 0 0 
END
10 0 0 0 
0 0 0 1 
0 7 0 21 
9 7 0 0 
END
21 0 0 21 
21 0 21 21 
0 0 21 0 
0 0 0 21 
END
21 0 3 10 
0 21 0 0 
0 0 0 21 
21 0 0 0 
END
0 21 10 0 
10 0 21 0 
0 0 21 0 
0 0 21 0 
END
0 21 0 21 
0 21 0 0 
21 0 0 0 
0 8 0 9 
END
21 21 0 0 
21 0 0 0 
0 21 21 21 
0 0 0 0 
END
21 0 0 21 
9 21 0 21 
0 0 0 0 
0 0 0 21 
END
21 0 10 21 
0 0 0 6 
21 0 0 0 
0 0 21 0 
END
0 0 21 0 
21 0 0 0 
10 21 7 0 
0 21 0 0 
END
0 0 5 21 
10 0 0 0 
0 0 0 0 
21 21 0 6 
END
3 0 0 0 
8 21 0 1 
21 0 0 0 
4 0 0 0 
END
0 0 0 0 
9 2 21 0 
4 21 0 0 
0 5 8 0 
END
0 0 6 0 
7 10 0 0 
6 0 1 0 
0 0 0 21 
END
0 21 0 0 
0 7 21 21 
1 7 21 0 
0 0 0 0 
END
1 0 0 0 
21 21 21 0 
0 0 21 21 
0 0 0 0 
END
0 0 21 21 
21 0 10 4 
0 0 6 0 
0 0 0 0 
END
21 0 0 21 
21 0 8 21 
5 0 0 0 
0 0 0 0 
END
0 0 21 0 
0 9 0 0 
21 0 21 6 
0 21 0 0 
END
0 21 0 0 
0 0 21 2 
0 21 0 0 
21 9 21 0 
END
0 0 21 0 
21 9 7 0 
0 8 21 0 
0 0 0 0 
END
0 0 21 0 
0 0 0 0 
21 21 0 3 
0 9 0 6 
END
1 0 21 8 
0 0 0 0 
0 0 21 0 
21 0 0 21 
END
0 0 0 21 
0 5 0 0 
0 21 8 21 
10 0 0 0 
END
0 0 9 21 
21 0 0 0 
10 0 0 0 
0 0 4 21 
END
0 21 5 0 
0 6 0 0 
0 0 21 21 
0 0 3 0 
END
0 8 0 21 
0 0 6 21 
0 0 0 0 
21 0 0 21 
END
8 7 0 0 
0 0 0 7 
21 0 0 21 
21 0 0 0 
END
0 0 21 0 
0 21 21 0 
7 0 0 21 
0 10 0 0 
END
0 0 0 0 
0 9 6 21 
0 0 21 0 
21 21 0 21 
END
21 9 0 0 
0 0 10 0 
21 21 0 0 
21 0 0 0 
END
6 0 0 6 
21 21 3 0 
1 0 0 0 
0 0 21 0 
END
0 21 0 0 
0 10 0 21 
10 0 0 21 
0 0 0 6 
END
0 21 0 0 
0 21 0 6 
21 4 21 21 
0 0 0 0 
END
0 8 0 21 
0 0 8 0 
0 21 0 0 
0 0 21 21 
END
0 0 0 0 
8 0 0 2 
21 0 21 0 
0 0 21 21 
END
0 0 0 21 
0 0 0 7 
9 0 3 0 
9 0 1 0 
END
0 21 0 0 
8 1 3 5 
0 0 1 0 
0 21 0 0 
END
0 0 0 21 
0 0 0 21 
21 0 21 21 
7 0 0 0 
END
21 0 0 9 
0 0 0 0 
9 0 0 6 
21 0 0 21 
END
0 0 0 21 
0 21 0 21 
8 0 0 0 
0 21 0 8 
END
2 0 0 0 
8 0 0 0 
0 0 0 5 
6 21 0 9 
END
21 0 0 0 
0 0 5 21 
10 0 7 0 
0 0 21 0 
END
0 0 0 0 
0 21 0 21 
0 0 0 0 
9 8 21 7 
END
0 4 0 0 
0 21 0 0 
21 6 0 0 
8 0 8 0 
END
0 0 21 0 
21 0 21 0 
0 0 10 0 
21 0 3 0 
END
0 0 9 0 
0 21 0 0 
2 21 1 0 
7 21 0 0 
END
0 0 21 0 
0 0 0 0 
10 0 21 0 
21 7 0 9 
END
21 7 0 0 
21 0 0 0 
0 21 0 21 
0 21 21 0 
END
0 0 0 21 
10 0 8 9 
6 0 0 0 
21 0 0 0 
END
0 8 0 10 
0 21 6 0 
0 0 0 0 
0 8 0 21 
END
0 21 0 0 
0 0 1 0 
0 21 0 21 
0 0 4 21 
END
7 5 21 0 
21 0 0 21 
0 0 0 0 
21 9 0 0 
END
0 8 0 6 
0 21 0 0 
0 4 8 0 
8 0 0 2 
END
0 0 21 21 
21 0 21 0 
0 21 0 8 
0 0 0 0 
END
21 0 2 0 
0 8 0 0 
21 0 0 8 
21 10 0 0 
END
4 0 7 0 
0 0 0 5 
7 0 21 0 
0 1 0 0 
END
0 0 3 0 
21 0 2 0 
0 0 0 0 
21 9 0 21 
END
21 0 0 10 
21 21 0 0 
21 8 0 0 
0 0 0 3 
END
0 0 21 0 
0 0 3 6 
0 21 0 0 
1 0 21 0 
END
0 0 0 21 
0 21 0 0 
21 0 21 5 
0 0 0 21 
END
0 0 0 21 
3 21 0 7 
0 0 21 0 
0 0 21 0 
END
9 0 0 8 
0 0 21 9 
0 0 0 8 
0 0 7 0 
END
0 0 0 0 
0 0 21 0 
21 4 6 9 
21 21 0 0 
END
21 6 0 21 
21 21 0 0 
0 0 0 0 
0 0 0 21 
END
21 0 21 21 
0 0 0 21 
0 0 0 0 
0 5 0 8 
END
21 0 0 0 
10 0 0 0 
6 6 21 0 
0 21 0 10 
END
0 21 21 0 
0 5 0 0 
0 2 0 10 
21 0 0 0 
END
21 21 0 0 
6 0 6 0 
0 0 0 0 
0 0 21 21 
END
0 0 0 0 
0 10 0 0 
0 6 21 5 
0 0 21 2 
END
0 0 0 10 
0 0 2 6 
10 0 21 0 
21 0 0 0 
END
4 9 21 0 
0 3 0 0 
0 21 0 0 
0 9 21 0 
END
9 21 0 0 
0 0 0 21 
7 6 8 0 
21 0 0 0 
END
0 0 10 21 
0 9 0 0 
0 0 0 10 
0 21 0 5 
END
0 0 0 6 
8 21 9 0 
0 7 0 0 
21 0 0 0 
END
0 0 2 0 
4 21 0 0 
21 21 0 0 
0 0 8 0 
END
0 0 0 21 
0 21 21 21 
0 0 0 9 
21 3 0 0 
END
0 0 0 3 
0 21 8 0 
21 0 0 0 
0 21 21 0 
END
0 21 0 21 
0 0 0 0 
6 21 9 0 
0 0 0 21 
END
21 0 0 7 
21 0 0 0 
0 7 0 6 
0 1 0 0 
END
0 0 7 0 
10 0 0 0 
0 10 0 6 
21 0 0 21 
END
0 0 1 0 
21 0 21 21 
0 0 21 0 
0 0 0 21 
END
21 0 21 0 
0 0 0 0 
21 21 0 21 
0 0 21 0 
END
0 0 0 0 
6 2 0 21 
6 0 8 0 
0 0 0 21 
END
0 0 0 0 
7 21 1 0 
7 8 21 0 
0 0 0 0 
END
0 3 21 0 
10 0 0 21 
0 0 0 10 
0 0 21 0 
END
21 0 8 0 
7 0 0 7 
0 0 0 21 
0 0 0 6 
END
0 9 0 7 
8 0 0 0 
21 21 0 0 
1 0 0 21 
END
0 0 1 5 
0 6 8 0 
0 9 21 0 
0 0 0 0 
END
0 0 1 0 
0 21 21 0 
2 0 0 0 
0 0 21 21 
END
21 7 21 21 
0 21 0 0 
0 0 0 0 
0 21 0 0 
END
6 0 0 0 
21 21 0 5 
0 0 0 0 
21 0 21 0 
END
0 0 0 0 
21 0 0 0 
21 0 21 5 
7 4 0 0 
END
21 0 0 0 
0 21 21 9 
0 21 0 0 
0 0 0 21 
END
0 0 9 21 
0 0 6 21 
0 0 0 21 
0 8 21 0 
END
21 7 21 0 
0 0 0 0 
0 9 0 0 
0 0 10 7 
END
0 0 0 21 
0 0 21 0 
21 21 5 6 
0 21 0 0 
END
0 0 0 0 
0 6 21 0 
21 9 0 21 
0 21 0 0 
END
0 0 21 21 
1 0 0 9 
0 0 0 4 
0 21 0 0 
END
7 0 0 0 
0 0 0 21 
10 6 7 0 
0 10 21 0 
END
5 0 0 0 
0 21 0 0 
21 0 0 0 
4 3 0 21 
END
0 3 0 0 
0 0 0 21 
0 10 10 9 
21 0 10 0 
END
0 21 21 0 
0 0 0 7 
10 0 0 0 
21 0 3 0 
END
0 0 2 0 
1 0 9 21 
0 0 0 0 
7 0 21 0 
END
0 10 0 0 
0 21 21 0 
0 21 0 21 
0 0 21 0 
END
0 0 0 0 
21 0 6 0 
21 21 21 10 
0 0 0 1 
END
0 0 0 6 
0 21 0 0 
0 9 0 0 
21 6 0 21 
END
0 0 21 5 
21 0 0 9 
0 0 0 0 
0 21 9 0 
END
0 0 0 21 
0 3 9 10 
0 0 0 0 
21 21 8 0 
END
0 0 7 0 
6 21 0 0 
0 9 0 0 
21 0 10 0 
END
7 0 0 0 
9 7 0 0 
0 10 21 0 
21 0 0 0 
END
0 0 0 0 
0 0 21 5 
0 4 0 1 
0 8 0 21 
END
21 0 8 0 
0 0 0 0 
0 0 21 0 
21 21 0 21 
END
0 0 7 0 
21 0 0 0 
0 0 2 21 
0 0 21 21 
END
21 5 0 0 
0 9 21 0 
0 0 0 0 
0 7 5 21 
END
0 0 6 0 
0 4 0 0 
21 9 4 0 
0 0 3 0 
END
7 0 0 0 
0 21 21 5 
8 0 0 0 
21 0 0 0 
END
0 21 21 0 
6 21 21 0 
4 0 0 0 
0 6 0 0 
END
0 3 0 0 
0 0 1 0 
0 0 0 2 
0 21 10 7 
END
0 0 21 0 
2 9 21 7 
0 0 0 0 
0 10 6 0 
END
21 21 6 9 
0 0 0 0 
0 0 0 8 
0 0 0 6 
END
0 0 4 0 
0 21 21 21 
0 0 0 10 
0 0 0 10 
END
0 21 0 21 
0 0 0 21 
21 6 0 0 
21 0 0 0 
END
0 0 10 0 
7 0 21 8 
21 0 0 0 
0 9 0 0 
END
0 0 0 7 
0 21 1 0 
0 10 21 0 
0 21 0 0 
END
0 8 0 21 
0 21 0 6 
0 21 21 0 
7 0 0 0 
END
0 0 21 7 
0 0 6 21 
0 21 0 0 
0 0 0 21 
END
0 21 0 0 
0 0 0 0 
0 0 1 4 
21 10 9 0 
END
21 0 0 6 
0 0 0 0 
0 5 21 21 
0 0 2 0 
END
0 8 21 0 
4 0 0 0 
0 3 0 0 
21 0 0 6 
END
21 0 21 21 
0 0 21 0 
21 21 0 0 
0 0 0 0 
END
9 0 1 0 
7 0 0 0 
0 0 4 3 
0 0 21 4 
END
0 0 0 0 
21 6 0 21 
21 0 0 0 
8 10 5 0 
END
0 0 9 21 
0 10 5 0 
6 0 6 0 
0 0 0 0 
END
0 21 0 0 
0 0 21 21 
0 21 0 0 
21 21 0 0 
END
0 0 0 0 
0 21 0 5 
0 9 10 4 
9 21 0 0 
END
6 0 0 7 
0 0 6 21 
0 21 0 21 
0 0 0 0 
END
7 0 0 21 
0 21 0 0 
0 0 21 21 
0 0 0 21 
END
0 9 21 0 
21 21 0 0 
0 0 0 0 
6 0 0 21 
END
21 21 0 0 
0 0 21 21 
8 0 0 0 
0 0 0 9 
END
0 9 0 21 
21 3 0 6 
0 0 21 0 
0 0 0 0 
END
0 0 10 0 
21 0 0 21 
7 0 0 0 
3 7 0 1 
END
0 0 0 0 
21 0 0 1 
4 0 8 7 
0 0 21 0 
END
0 0 7 0 
21 0 21 3 
6 0 0 1 
0 8 0 0 
END
0 0 0 0 
0 6 21 0 
9 21 0 21 
0 0 8 0 
END
0 0 10 21 
0 0 0 21 
21 0 10 21 
0 0 0 0 
END
21 0 6 0 
0 21 0 9 
5 0 21 0 
0 0 0 0 
END
0 0 0 9 
21 3 21 0 
7 0 0 0 
0 0 0 2 
END
0 9 0 0 
3 0 3 0 
21 0 21 0 
21 0 0 0 
END
0 6 8 21 
0 0 0 0 
1 0 8 0 
3 0 21 0 
END
21 0 0 0 
0 0 0 21 
0 8 21 6 
2 2 0 0 
END
21 8 0 0 
0 0 0 21 
21 4 0 0 
21 0 0 0 
END
21 9 0 0 
0 0 21 0 
7 10 0 0 
0 0 21 0 
END
21 0 0 21 
0 10 0 0 
0 3 6 0 
21 0 0 0 
END
0 21 0 0 
0 21 21 0 
21 0 21 0 
21 0 21 0 
END
6 0 0 10 
21 0 9 0 
0 0 5 0 
0 0 0 7 
END
6 0 0 7 
0 21 21 0 
0 0 21 0 
0 21 0 6 
END
0 0 7 21 
0 0 0 0 
21 0 0 21 
0 0 21 9 
END
0 0 10 0 
0 0 21 0 
21 21 0 0 
0 0 7 21 
END
0 0 0 0 
0 21 0 9 
0 0 21 21 
0 7 9 0 
END
0 0 21 0 
21 0 0 21 
0 21 0 0 
21 21 0 0 
END
0 0 0 0 
0 8 0 21 
21 21 4 21 
0 0 0 0 
END
0 7 6 0 
21 21 7 0 
0 0 0 1 
0 21 0 0 
END
8 21 0 0 
0 0 0 21 
0 0 8 6 
21 0 0 0 
END
0 0 0 0 
21 0 0 0 
0 0 21 21 
7 2 21 0 
END
0 5 10 0 
0 0 0 21 
0 5 0 0 
0 0 8 21 
END
0 2 21 0 
21 0 0 0 
0 21 0 21 
0 0 7 0 
END
21 0 2 0 
2 9 21 0 
0 21 0 0 
21 0 0 0 
END
0 0 0 9 
8 0 2 9 
0 0 0 6 
21 0 0 0 
END
0 0 21 0 
21 0 0 0 
0 0 21 0 
21 21 10 0 
END
21 21 0 0 
0 8 0 10 
21 9 0 0 
0 21 0 0 
END
5 0 0 0 
6 0 21 0 
2 21 0 8 
0 0 0 0 
END
0 0 9 0 
0 21 21 0 
0 0 0 0 
6 8 0 2 
END
7 0 0 0 
5 21 0 0 
0 0 21 0 
0 0 8 6 
END
21 21 0 0 
21 0 0 0 
0 0 1 8 
7 0 21 0 
END
10 10 7 9 
0 0 0 0 
0 0 6 0 
0 0 0 6 
END
0 0 0 0 
0 0 8 21 
0 0 3 21 
21 0 0 4 
END
21 0 0 0 
7 0 0 21 
0 21 4 0 
0 0 0 21 
END
0 21 10 0 
21 0 0 0 
5 0 10 4 
0 0 0 4 
END
0 0 0 0 
0 0 6 1 
0 21 0 21 
21 0 21 1 
END
0 21 0 21 
0 21 0 0 
0 0 0 21 
6 0 0 21 
END
4 21 0 0 
0 1 0 6 
0 4 21 10 
0 0 0 0 
END
0 0 0 0 
21 0 0 21 
0 0 21 0 
21 0 21 21 
END
8 21 0 0 
0 6 2 0 
8 0 7 0 
0 0 10 0 
END
0 0 21 0 
0 0 21 7 
0 0 21 8 
21 0 21 0 
END
9 6 0 0 
0 0 0 21 
0 21 0 0 
0 7 21 0 
END
0 21 0 0 
0 0 0 0 
0 7 10 21 
0 0 6 9 
END
0 21 0 21 
0 0 0 0 
0 0 0 1 
0 21 10 10 
END
6 0 0 0 
10 0 0 2 
0 21 0 0 
0 21 21 0 
END
0 1 0 0 
0 0 0 0 
5 0 9 8 
8 21 0 0 
END
0 21 0 0 
21 6 10 0 
0 10 0 0 
0 0 8 0 
END
0 0 0 0 
8 0 4 6 
0 21 0 0 
9 21 0 0 
END
0 0 0 0 
10 1 6 21 
0 2 0 21 
0 7 0 0 
END
0 21 21 0 
0 21 0 21 
0 0 0 21 
1 21 0 0 
END
0 0 0 0 
0 0 21 21 
0 9 0 0 
2 7 0 21 
END
21 0 0 0 
3 0 0 0 
0 8 21 6 
0 0 0 9 
END
0 0 21 5 
0 0 0 2 
0 8 0 0 
21 21 0 0 
END
9 0 0 0 
0 0 0 0 
21 0 0 7 
7 21 6 0 
END
4 0 21 0 
0 0 8 0 
0 0 0 21 
0 21 0 7 
END
21 10 9 0 
0 21 0 21 
0 0 0 0 
0 0 0 9 
END
21 0 8 8 
0 0 0 0 
3 0 21 0 
0 0 21 0 
END
21 0 0 21 
21 0 2 0 
0 0 0 3 
1 0 0 0 
END
21 0 0 10 
0 0 0 0 
0 0 7 8 
2 0 21 0 
END
7 0 21 0 
3 0 10 21 
0 5 0 0 
0 0 0 0 
END
0 0 0 21 
21 0 0 0 
5 0 21 0 
4 0 7 0 
END
0 2 0 0 
8 0 21 8 
0 0 0 0 
0 0 6 10 
END
0 0 0 0 
21 4 9 0 
0 0 6 0 
0 9 21 21 
END
21 8 21 0 
0 0 6 21 
0 0 4 0 
0 0 0 0 
END
0 6 0 1 
0 9 3 21 
0 0 0 0 
0 0 21 0 
END
0 7 6 0 
21 0 0 6 
0 21 0 0 
6 0 0 0 
END
8 0 0 0 
10 21 0 0 
6 0 21 7 
0 0 0 0 
END
10 5 21 0 
9 0 0 0 
4 0 0 7 
0 0 0 0 
END
8 10 21 0 
0 0 0 21 
0 0 0 9 
21 0 0 0 
END
7 0 0 10 
0 0 0 0 
3 0 3 0 
0 21 21 0 
END
0 0 0 0 
10 0 21 21 
9 0 21 21 
0 0 0 0 
END
0 0 2 8 
0 0 21 0 
0 0 0 21 
9 4 1 0 
END
21 21 0 1 
0 4 0 0 
21 21 0 0 
0 0 0 0 
END
21 0 3 0 
0 0 0 21 
21 21 2 0 
0 0 0 0 
END
0 3 0 21 
0 8 0 0 
0 0 0 0 
2 7 0 21 
END
0 0 0 7 
0 0 0 21 
6 21 0 4 
0 0 0 21 
END
21 0 0 0 
9 9 0 0 
9 0 0 0 
0 21 0 10 
END
21 7 0 0 
0 0 21 0 
0 21 0 6 
0 21 0 0 
END
10 4 0 0 
0 0 0 3 
0 21 7 0 
0 7 1 0 
END
0 0 0 0 
7 21 0 8 
10 21 0 0 
0 3 0 0 
END
0 8 3 0 
0 0 9 6 
3 0 0 0 
21 0 0 0 
END
0 21 0 6 
2 0 21 8 
0 0 0 0 
0 0 0 21 
END
0 21 0 8 
21 0 21 0 
0 0 7 0 
0 21 0 0 
END
0 1 0 0 
0 0 0 9 
9 0 0 10 
0 0 6 21 
END
21 0 0 21 
0 0 0 0 
0 0 9 0 
0 21 10 7 
END
0 6 0 0 
3 0 0 0 
0 6 10 6 
0 21 0 0 
END
1 21 9 0 
0 0 0 0 
0 8 0 0 
8 0 0 9 
END
21 0 21 10 
0 0 21 0 
0 0 0 0 
0 21 0 9 
END
0 0 0 0 
21 0 3 21 
2 0 0 0 
7 0 7 0 
END
0 10 3 3 
0 0 0 4 
0 0 21 0 
0 0 0 21 
END
0 0 0 0 
0 7 2 0 
21 6 0 0 
21 10 0 0 
END
0 0 8 0 
21 21 0 0 
0 21 0 6 
0 1 0 0 
END
21 21 0 0 
0 0 0 0 
0 2 0 21 
0 0 7 21 
END
0 0 0 21 
21 0 0 0 
2 0 0 7 
0 21 6 0 
END
21 0 0 0 
0 0 5 0 
0 21 21 0 
0 21 10 0 
END
3 5 21 0 
21 0 0 0 
0 0 0 10 
0 0 21 0 
END
0 0 21 0 
0 10 0 10 
21 0 0 1 
0 0 0 21 
END
0 21 0 0 
5 0 21 0 
0 8 10 0 
0 0 10 0 
END
0 21 0 0 
0 4 21 0 
0 0 0 5 
21 0 0 21 
END
0 0 0 7 
0 10 0 0 
21 0 0 21 
7 10 0 0 
END
21 9 0 0 
21 21 0 0 
0 0 8 0 
0 0 0 21 
END
0 0 0 0 
0 21 0 0 
6 21 21 0 
2 0 10 0 
END
21 0 0 21 
0 7 21 0 
0 10 0 0 
0 21 0 0 
END
21 4 6 0 
0 7 0 0 
1 0 0 0 
0 0 21 0 
END
0 21 0 21 
6 10 21 7 
0 0 0 0 
0 0 0 0 
END
0 21 0 0 
0 0 21 0 
10 8 9 0 
0 0 0 21 
END
3 9 3 21 
0 21 2 0 
0 0 0 0 
21 0 0 0 
END
21 21 9 0 
0 0 0 0 
0 0 21 21 
0 21 0 0 
END
0 9 0 0 
5 0 0 0 
0 0 9 0 
10 21 0 21 
END
0 0 0 0 
21 4 0 4 
8 0 8 0 
0 0 21 0 
END
0 21 0 0 
21 21 0 0 
0 21 0 0 
0 0 21 21 
END
21 21 0 8 
0 21 0 0 
0 2 0 0 
0 2 0 0 
END
0 0 0 0 
6 0 21 0 
0 0 21 0 
6 21 0 21 
END
21 0 21 0 
0 7 0 0 
0 21 21 5 
0 2 0 0 
END
2 8 0 0 
0 0 0 0 
0 0 0 0 
21 21 9 4 
END
0 0 0 5 
21 8 21 0 
5 0 0 0 
0 0 21 21 
END
0 21 0 0 
0 0 10 7 
0 0 0 2 
1 0 8 0 
END
21 0 0 0 
21 0 0 0 
0 21 0 21 
4 0 0 7 
END
0 0 21 2 
21 0 0 0 
0 21 0 0 
0 0 21 21 
END
0 0 0 0 
0 21 0 0 
2 9 0 0 
6 0 9 9 
END
21 0 0 21 
0 0 21 0 
0 0 21 21 
0 0 0 9 
END
0 10 0 0 
10 5 0 0 
0 0 8 0 
21 0 0 6 
END
21 0 21 0 
9 0 0 0 
0 0 2 0 
6 8 0 21 
END
2 0 0 21 
7 0 0 0 
0 0 7 0 
0 0 21 21 
END
0 21 0 4 
9 21 0 0 
0 0 0 0 
2 0 0 21 
END
0 0 0 3 
21 0 0 7 
10 0 0 0 
9 21 0 0 
END
3 0 0 21 
21 0 21 21 
0 0 0 0 
0 0 8 0 
END
0 0 0 21 
0 21 0 10 
21 0 0 0 
21 0 0 6 
END
0 21 0 0 
0 1 0 0 
21 0 21 0 
0 3 21 0 
END
21 7 21 0 
0 0 0 0 
0 0 21 7 
0 0 21 0 
END
0 0 0 10 
0 0 7 1 
21 0 0 21 
0 0 0 21 
END
0 10 0 0 
0 21 21 2 
0 0 21 0 
8 0 0 0 
END
7 9 21 0 
0 0 21 7 
21 0 0 0 
0 0 0 0 
END
0 0 21 21 
0 2 21 21 
0 0 21 0 
0 0 0 0 
END
21 0 7 0 
0 4 21 6 
0 0 0 0 
2 0 0 0 
END
0 7 9 0 
0 0 0 21 
0 0 21 0 
8 0 8 21 
END
21 0 0 0 
21 21 0 0 
0 0 21 0 
1 21 21 0 
END
0 10 21 0 
21 0 21 6 
0 0 0 0 
21 0 0 0 
END
0 1 0 0 
7 21 4 0 
21 0 0 0 
9 0 21 0 
END
0 0 21 0 
0 0 0 21 
6 0 0 21 
0 0 21 9 
END
10 21 0 10 
0 0 21 2 
9 0 0 0 
0 0 0 0 
END
0 0 0 21 
0 5 0 21 
2 4 0 0 
21 0 0 0 
END
0 21 0 0 
9 0 21 2 
0 21 0 5 
0 0 0 0 
END
0 0 0 0 
21 0 0 5 
3 0 21 21 
0 0 0 21 
END
10 21 6 0 
0 10 21 0 
0 0 0 0 
0 0 8 0 
END
0 21 21 0 
0 0 21 0 
0 0 21 0 
7 0 0 21 
END
21 0 0 0 
0 0 7 6 
21 0 0 0 
0 21 7 0 
END
0 0 0 1 
21 0 0 9 
0 0 0 0 
4 0 5 21 
END
0 21 0 21 
0 0 0 0 
9 1 21 6 
0 0 0 0 
END
0 0 0 0 
21 21 0 0 
0 0 21 0 
4 0 1 9 
END
0 0 9 21 
0 0 21 0 
21 0 21 0 
0 10 0 0 
END
3 0 0 0 
0 0 0 0 
0 8 7 21 
0 21 21 0 
END
21 0 0 0 
21 21 0 0 
7 21 0 0 
0 0 0 9 
END
0 0 0 21 
21 0 21 10 
0 0 21 21 
0 0 0 0 
END
0 21 0 21 
3 21 0 21 
0 3 0 21 
0 0 0 0 
END
21 9 0 0 
0 5 0 0 
8 0 0 0 
21 0 5 0 
END
21 0 21 0 
2 0 0 0 
0 0 0 8 
0 0 9 8 
END
21 21 0 0 
0 0 0 21 
0 0 1 0 
0 0 5 5 
END
0 0 7 21 
21 21 21 0 
0 0 0 0 
4 0 0 0 
END
0 0 0 0 
4 8 21 0 
21 0 21 0 
0 0 0 21 
END
0 0 0 0 
21 0 8 7 
0 0 0 4 
0 21 0 21 
END
0 4 21 0 
0 0 21 9 
0 0 0 0 
0 21 21 0 
END
0 0 0 0 
1 0 21 9 
21 0 0 21 
0 21 0 8 
END
0 10 0 0 
6 9 0 0 
21 6 1 0 
0 0 0 0 
END
0 0 0 5 
0 0 9 0 
0 8 7 0 
7 8 0 0 
END
0 0 0 0 
21 8 21 0 
0 0 5 21 
1 21 0 0 
END
0 9 10 21 
0 0 0 0 
0 6 0 0 
21 21 21 0 
END
8 0 21 0 
21 0 0 21 
9 0 0 0 
21 0 0 0 
END
0 0 3 0 
0 21 21 0 
0 0 5 0 
21 0 0 3 
END
0 8 21 0 
0 0 0 1 
9 0 0 21 
0 0 0 21 
END
0 0 0 0 
0 21 21 4 
0 0 0 0 
21 9 21 21 
END
0 21 8 0 
0 10 0 0 
0 21 0 0 
8 21 0 21 
END
0 0 6 21 
8 0 0 0 
21 6 0 0 
0 21 0 0 
END
0 0 0 21 
21 0 0 0 
21 21 0 0 
0 21 0 9 
END
0 0 0 3 
0 8 0 4 
0 4 21 0 
21 0 0 0 
END
8 0 0 0 
0 21 9 21 
0 0 0 21 
21 0 0 0 
END
10 0 0 0 
7 0 6 3 
0 0 6 0 
21 6 0 0 
END
0 0 0 0 
4 0 0 0 
0 0 9 21 
21 0 10 9 
END
0 0 0 0 
1 9 0 9 
21 7 0 0 
0 0 0 21 
END
21 0 21 0 
0 8 8 4 
21 0 0 0 
0 0 0 21 
END
0 0 10 0 
0 21 0 1 
8 5 21 0 
0 0 0 0 
END
0 10 0 0 
21 0 0 21 
4 0 10 21 
0 0 0 0 
END
0 3 0 0 
10 21 0 0 
0 0 21 0 
21 7 0 21 
END
0 0 21 21 
0 0 21 2 
0 21 21 0 
0 0 0 8 
END
0 0 3 4 
5 6 10 0 
0 21 0 0 
0 0 0 0 
END
9 0 0 0 
21 8 0 0 
7 0 0 21 
0 21 0 0 
END
0 9 0 0 
0 9 3 0 
0 21 0 0 
0 0 21 7 
END
10 0 0 0 
7 21 8 0 
0 2 0 0 
0 0 21 0 
END
0 0 0 0 
0 21 7 0 
21 21 0 0 
21 0 6 0 
END
21 0 21 0 
21 0 0 7 
0 0 0 0 
21 2 0 0 
END
0 0 0 0 
0 21 0 0 
8 0 1 21 
0 1 0 10 
END
0 21 21 0 
0 0 21 21 
0 0 21 0 
5 0 0 0 
END
0 21 21 0 
0 0 21 0 
0 0 0 7 
21 21 0 0 
END
0 0 0 0 
0 1 6 0 
21 0 10 0 
21 21 0 0 
END
0 0 8 21 
0 0 8 0 
21 3 0 0 
0 0 21 0 
END
6 0 10 0 
3 0 6 0 
0 21 0 0 
0 0 8 0 
END
0 1 21 0 
0 0 1 21 
0 0 21 0 
21 0 0 6 
END
0 21 10 10 
0 0 0 21 
0 21 0 0 
0 0 21 0 
END
0 0 21 7 
0 0 5 0 
9 10 21 0 
0 0 0 0 
END
0 0 0 0 
0 0 0 21 
0 0 0 21 
6 21 21 21 
END
6 0 0 4 
5 7 21 8 
21 0 0 0 
0 0 0 0 
END
21 8 0 0 
0 0 0 0 
2 0 0 6 
0 6 0 9 
END
0 0 0 0 
21 0 7 21 
10 0 0 0 
0 0 5 21 
END
0 9 0 21 
0 5 21 0 
0 21 0 0 
0 0 0 21 
END
21 0 21 0 
0 0 0 21 
3 0 0 2 
0 0 21 0 
END
21 1 0 8 
0 21 0 1 
0 0 0 0 
0 0 21 0 
END
6 0 0 7 
0 0 0 0 
9 21 0 0 
6 2 0 0 
END
21 0 0 0 
0 21 0 0 
0 21 0 9 
0 21 0 8 
END
0 3 21 0 
0 0 0 0 
0 21 0 9 
0 0 8 21 
END
0 0 10 3 
0 7 0 1 
9 0 21 0 
0 0 0 0 
END
10 0 0 8 
21 21 0 0 
21 0 0 21 
0 0 0 0 
END
21 0 0 0 
9 0 21 0 
0 0 21 4 
0 0 21 0 
END
0 0 0 0 
21 0 21 21 
0 4 0 21 
0 0 8 21 
END
0 0 5 0 
6 21 8 0 
0 0 0 0 
0 0 5 21 
END
0 0 21 21 
0 0 0 8 
0 0 21 9 
0 21 0 0 
END
21 6 21 0 
0 0 21 21 
0 0 8 0 
0 0 0 0 
END
0 0 0 0 
0 0 10 0 
21 0 21 6 
1 0 0 21 
END
0 0 0 0 
21 21 21 0 
0 21 10 0 
0 0 21 0 
END
8 0 0 10 
0 21 0 0 
6 0 0 21 
21 1 0 0 
END
0 0 7 0 
0 0 21 21 
0 21 0 0 
7 0 21 0 
END
21 9 21 21 
0 0 1 0 
21 0 0 0 
21 0 0 0 
END
21 4 0 0 
0 3 0 0 
0 0 21 0 
0 10 21 0 
END
21 0 0 0 
0 6 0 0 
0 6 0 0 
7 21 6 0 
END
0 0 0 0 
21 4 0 21 
0 0 0 6 
0 7 0 5 
END
0 10 0 0 
0 0 21 5 
0 0 6 21 
0 0 0 7 
END
0 8 0 0 
0 1 9 0 
21 0 0 0 
10 0 21 0 
END
9 0 21 0 
0 0 0 8 
0 21 0 0 
10 0 10 0 
END
0 0 8 5 
0 0 0 7 
0 10 21 0 
0 5 0 0 
END
0 21 0 0 
3 0 0 6 
0 0 0 7 
6 21 21 0 
END
1 0 21 0 
0 0 21 0 
1 0 0 0 
0 0 4 21 
END
0 6 0 0 
0 7 0 0 
21 0 10 9 
0 0 4 0 
END
0 0 21 5 
6 0 0 0 
0 21 9 9 
0 0 21 0 
END
9 0 0 7 
0 0 0 0 
21 0 9 0 
0 5 5 0 
END
1 0 0 21 
0 0 5 0 
9 0 6 0 
0 21 0 0 
END
0 21 0 0 
0 21 0 21 
0 0 0 0 
0 5 21 8 
END
21 0 0 2 
0 0 6 0 
0 21 9 0 
0 7 0 0 
END
21 0 0 0 
21 21 0 0 
0 7 0 0 
0 21 8 0 
END
21 6 21 0 
0 0 0 0 
21 0 2 21 
0 0 0 0 
END
0 0 0 3 
0 21 0 21 
0 0 8 21 
0 1 0 0 
END
10 9 21 0 
21 0 8 0 
0 0 10 1 
0 0 0 0 
END
0 0 10 21 
0 5 21 0 
0 0 0 0 
0 4 0 2 
END
0 21 0 0 
10 21 21 0 
0 21 0 4 
0 21 0 0 
END
0 0 1 21 
0 21 0 0 
21 0 0 0 
0 0 21 21 
END
3 0 0 9 
0 21 0 0 
0 0 21 2 
0 0 21 0 
END
0 0 0 3 
4 21 5 0 
0 0 0 21 
21 0 0 21 
END
0 2 0 0 
0 0 7 0 
0 0 7 0 
6 7 21 0 
END
7 3 0 10 
0 0 0 21 
0 21 0 9 
7 0 0 0 
END
21 0 0 21 
21 0 9 0 
5 0 0 0 
21 0 0 0 
END
0 21 0 0 
0 21 1 3 
0 10 0 0 
0 8 0 0 
END
6 0 21 10 
0 0 0 0 
2 0 0 0 
0 0 21 21 
END
0 0 7 0 
0 0 0 21 
1 0 6 0 
21 21 21 0 
END
21 6 21 0 
0 0 0 6 
0 10 0 21 
7 0 0 0 
END
10 0 0 0 
0 21 4 21 
21 2 0 21 
0 0 0 0 
END
0 8 0 6 
8 0 5 0 
6 0 6 0 
7 0 0 0 
END
0 6 0 21 
8 0 0 8 
2 0 0 0 
0 0 0 21 
END
3 21 5 0 
10 0 0 0 
0 21 21 0 
0 0 7 0 
END
0 0 0 0 
0 5 3 21 
0 0 0 0 
0 7 21 21 
END
0 0 6 6 
0 0 0 9 
21 4 0 0 
0 21 0 0 
END
0 7 0 0 
0 0 0 21 
0 0 3 0 
0 3 7 21 
END
21 0 0 21 
0 0 21 21 
0 3 0 0 
0 7 0 0 
END
0 21 0 0 
0 21 0 21 
5 0 0 0 
0 0 8 8 
END
0 0 0 6 
21 21 0 21 
21 0 21 0 
0 0 0 0 
END
0 0 0 6 
0 21 1 0 
0 21 0 6 
0 6 21 0 
END
6 0 0 0 
0 9 0 1 
0 0 0 0 
6 9 0 21 
END
0 8 0 10 
0 0 0 0 
10 5 0 21 
10 0 0 0 
END
6 21 0 0 
21 21 0 0 
21 0 0 0 
0 0 9 0 
END
0 21 0 0 
3 0 1 0 
0 21 0 0 
0 8 3 0 
END
0 0 21 0 
0 0 0 21 
0 8 0 4 
0 21 5 0 
END
0 21 3 0 
8 0 0 8 
8 0 0 9 
10 0 0 0 
END
10 0 0 0 
0 0 2 0 
0 0 21 21 
5 0 0 3 
END
21 21 0 0 
0 21 0 9 
0 0 0 0 
21 4 0 0 
END
0 7 9 10 
0 0 21 21 
0 0 8 0 
0 0 0 0 
END
21 0 0 0 
0 0 7 7 
0 21 0 0 
21 21 0 5 
END
0 0 10 0 
21 7 0 0 
0 21 0 0 
7 21 0 0 
END
3 0 0 0 
21 21 8 0 
0 0 21 0 
0 21 0 0 
END
0 0 0 8 
4 9 0 0 
0 5 8 0 
0 3 0 0 
END
0 0 0 3 
21 0 0 0 
3 8 0 0 
0 0 21 21 
END
21 0 21 4 
0 0 0 0 
7 0 0 8 
0 0 0 21 
END
0 7 0 0 
21 21 21 21 
0 0 0 0 
0 9 0 0 
END
0 10 0 0 
0 0 0 0 
21 0 5 9 
7 21 0 0 
END
7 0 0 21 
21 0 0 0 
10 0 0 6 
21 0 0 0 
END
5 0 0 0 
0 0 0 21 
21 0 0 3 
8 0 21 0 
END
21 10 0 0 
0 0 0 0 
0 21 0 21 
0 21 21 9 
END
21 0 3 21 
0 0 0 9 
0 0 0 21 
21 0 0 0 
END
9 6 0 7 
0 0 0 0 
0 7 7 21 
0 0 0 0 
END
21 21 0 0 
0 0 21 0 
0 6 0 9 
0 21 0 0 
END
0 21 0 4 
8 0 0 21 
0 0 0 21 
0 0 0 21 
END
0 9 0 3 
0 21 0 0 
0 0 0 5 
21 0 0 5 
END
21 0 21 0 
0 3 0 0 
0 0 21 21 
0 21 0 0 
END
21 0 0 0 
21 0 0 0 
4 9 7 21 
0 0 0 0 
END
5 0 21 0 
8 0 21 0 
0 0 21 21 
0 0 21 0 
END
0 21 21 0 
9 0 0 0 
7 0 0 6 
21 0 0 0 
END
0 0 3 21 
2 0 21 9 
0 0 0 0 
0 0 0 4 
END
0 7 0 0 
0 21 0 0 
3 0 0 21 
0 0 3 21 
END
0 2 0 0 
0 8 7 0 
21 0 0 0 
21 0 8 0 
END
21 8 0 0 
0 21 0 21 
0 7 0 21 
0 8 0 0 
END
0 0 0 21 
3 0 21 0 
0 0 21 0 
21 0 21 0 
END
0 7 0 6 
0 21 21 21 
0 0 9 21 
0 0 0 0 
END
0 0 0 21 
21 0 8 0 
0 7 0 0 
0 21 0 10 
END
21 0 21 0 
21 0 4 0 
0 1 0 0 
0 0 1 0 
END
0 0 21 8 
0 21 0 0 
0 0 0 21 
8 21 0 0 
END
0 0 7 0 
0 21 0 2 
0 0 21 21 
0 0 0 21 
END
0 2 21 0 
21 0 0 0 
6 0 0 0 
21 0 6 0 
END
4 0 0 5 
0 1 0 0 
21 0 0 0 
21 0 8 0 
END
0 0 0 0 
0 21 6 0 
0 21 6 0 
0 0 7 2 
END
21 0 0 2 
0 21 0 0 
0 0 0 0 
0 21 6 21 
END
0 0 0 21 
0 0 8 9 
10 0 21 0 
0 0 10 0 
END
0 0 0 0 
5 7 10 21 
0 21 0 21 
0 0 0 21 
END
1 4 21 0 
0 0 21 0 
0 0 0 0 
7 0 21 0 
END
0 0 0 0 
0 0 21 21 
7 0 6 0 
1 0 1 0 
END
0 0 0 0 
21 0 21 0 
21 0 21 21 
0 0 21 0 
END
0 0 7 2 
21 0 0 0 
0 0 0 0 
0 21 21 21 
END
0 0 5 8 
0 0 0 21 
0 0 0 21 
21 0 0 21 
END
0 0 7 0 
8 0 7 7 
0 21 0 8 
0 0 0 0 
END
21 21 0 1 
0 21 0 2 
0 0 0 21 
0 0 0 0 
END
0 21 0 21 
7 0 0 0 
0 4 10 0 
0 6 0 0 
END
0 0 0 0 
8 0 0 21 
9 7 21 0 
0 0 3 0 
END
0 0 0 0 
0 10 0 3 
0 7 0 0 
21 0 21 21 
END
7 0 0 0 
6 0 0 0 
21 0 8 4 
21 0 0 21 
END
0 21 0 0 
0 21 21 0 
0 0 21 10 
0 10 0 0 
END
21 0 6 0 
21 8 21 7 
0 0 0 0 
0 0 0 0 
END
21 4 0 0 
0 2 5 0 
0 0 0 0 
21 10 0 4 
END
21 0 1 0 
0 21 0 0 
0 21 21 0 
0 0 21 6 
END
0 21 6 0 
4 0 0 21 
0 0 0 21 
10 0 0 0 
END
0 21 0 0 
9 0 10 0 
10 21 0 4 
0 0 0 0 
END
21 0 0 0 
0 0 7 21 
21 0 7 0 
5 0 0 0 
END
0 21 0 0 
8 0 0 0 
10 0 10 0 
21 1 0 21 
END
0 21 3 9 
0 0 5 21 
0 0 0 0 
10 0 0 21 
END
21 10 0 0 
6 0 21 0 
21 0 0 0 
0 10 0 21 
END
0 7 21 1 
0 0 0 0 
0 21 0 0 
0 0 21 10 
END
0 0 8 0 
0 0 0 21 
21 0 21 0 
8 21 0 0 
END
21 0 0 21 
0 0 0 0 
0 21 3 0 
0 3 0 7 
END
0 9 0 9 
6 0 0 0 
10 0 9 0 
21 0 0 0 
END
0 21 6 0 
7 0 0 0 
3 0 0 21 
0 0 9 6 
END
6 0 0 0 
4 0 7 0 
0 21 0 9 
21 7 0 0 
END
0 0 21 0 
9 0 0 0 
0 0 21 0 
21 21 4 0 
END
2 0 21 21 
0 9 0 0 
0 21 0 0 
0 9 0 0 
END
0 0 0 6 
0 0 0 0 
0 0 10 10 
21 5 0 8 
END
