20 36 5 30 1000
0 9 2 0 0 
31 9 31 0 31 
0 15 0 5 10 
0 0 0 10 0 
15 0 0 31 0 
END
11 0 0 9 0 
0 31 0 0 31 
31 0 31 0 31 
0 0 0 31 31 
31 31 0 31 0 
END
0 0 31 31 15 
31 0 0 0 0 
14 0 0 12 0 
14 31 31 0 31 
0 31 0 0 31 
END
12 0 0 0 31 
31 0 0 0 0 
0 0 31 0 31 
31 31 0 31 14 
0 31 31 31 31 
END
0 0 14 9 0 
0 0 31 31 13 
31 0 15 0 0 
31 0 10 0 0 
0 31 0 31 31 
END
0 0 31 0 0 
2 0 0 0 0 
3 0 31 0 31 
0 31 0 14 31 
31 31 0 31 31 
END
31 31 6 11 0 
6 0 0 31 0 
0 0 0 31 0 
0 0 31 8 9 
31 0 10 14 0 
END
31 0 31 15 0 
31 0 0 0 31 
0 10 31 31 0 
31 31 0 0 0 
31 0 0 31 10 
END
0 0 7 0 15 
0 4 0 31 31 
31 12 1 10 0 
0 0 31 0 0 
0 31 31 12 0 
END
0 15 31 31 0 
0 9 31 31 0 
31 0 0 9 0 
31 31 0 0 0 
0 31 0 0 31 
END
9 0 15 31 31 
31 31 0 0 9 
6 0 0 0 0 
10 0 1 10 0 
0 11 0 0 0 
END
31 0 0 0 0 
0 31 0 0 0 
31 0 31 0 0 
0 31 12 31 0 
12 31 13 31 31 
END
0 0 0 13 0 
11 0 0 0 10 
0 9 0 31 0 
13 31 9 0 31 
0 9 3 1 0 
END
31 0 31 0 14 
31 5 0 0 0 
31 0 31 31 31 
0 0 31 0 0 
0 31 0 13 0 
END
1 0 0 13 0 
0 0 31 0 31 
0 0 31 31 31 
0 31 31 0 14 
0 0 31 31 5 
END
0 0 0 0 11 
0 0 31 13 31 
0 31 31 0 31 
31 0 31 31 31 
9 4 0 0 0 
END
0 12 0 0 31 
31 0 31 0 31 
31 0 0 0 15 
0 0 31 31 0 
0 31 0 31 12 
END
0 0 11 31 0 
31 11 31 0 0 
0 31 31 0 2 
0 0 0 13 0 
0 10 31 0 10 
END
0 0 31 31 31 
31 0 0 0 0 
0 0 5 0 0 
31 3 9 14 0 
14 31 0 13 31 
END
0 12 31 0 0 
0 14 0 0 31 
3 11 6 0 31 
12 0 14 0 5 
31 0 0 0 0 
END
9 31 0 31 0 
0 31 11 31 0 
0 0 0 0 0 
14 31 31 0 9 
0 31 0 4 31 
END
31 0 6 0 0 
0 0 31 31 0 
0 0 8 0 31 
4 4 0 0 31 
31 11 31 0 14 
END
31 0 0 11 0 
0 31 31 0 31 
0 31 0 0 31 
31 31 0 31 0 
0 9 31 31 0 
END
31 0 13 0 0 
0 0 31 0 31 
31 31 0 0 0 
31 31 31 1 12 
0 0 0 0 31 
END
0 0 0 0 6 
0 31 31 0 10 
0 0 31 31 31 
31 0 0 11 15 
0 31 31 0 0 
END
0 0 0 9 31 
6 0 0 11 31 
0 14 0 31 31 
31 31 0 0 0 
0 31 0 11 0 
END
31 0 11 31 0 
31 2 7 0 31 
0 0 31 0 0 
1 31 31 0 0 
31 0 0 0 0 
END
0 12 0 0 15 
0 0 0 11 31 
0 31 31 31 0 
31 31 0 31 0 
0 0 31 31 12 
END
0 0 0 0 6 
31 8 0 31 15 
31 0 31 0 0 
0 0 0 31 0 
0 12 15 3 1 
END
31 0 31 12 0 
31 31 1 31 0 
6 31 0 0 0 
0 31 0 31 0 
31 0 0 31 0 
END
0 0 0 5 31 
31 31 31 31 0 
0 12 31 0 0 
0 1 10 0 0 
0 0 0 8 31 
END
0 0 9 31 0 
0 31 0 0 0 
0 7 0 31 0 
15 0 31 13 31 
0 1 31 0 31 
END
13 0 0 31 0 
0 0 31 6 0 
15 0 0 31 0 
31 0 0 11 7 
31 10 0 31 8 
END
0 10 0 31 0 
0 14 0 3 0 
0 0 31 3 0 
31 0 0 31 31 
0 0 31 31 2 
END
31 1 0 0 0 
0 31 31 0 0 
4 0 12 31 12 
0 11 0 0 3 
0 31 31 0 0 
END
4 0 0 31 31 
0 0 0 14 15 
0 0 0 31 9 
14 0 31 0 14 
7 0 0 13 0 
END
0 0 31 1 0 
0 31 0 0 0 
31 0 31 0 31 
0 1 7 0 31 
31 31 0 3 0 
END
0 0 0 31 13 
0 31 15 31 0 
1 0 0 0 31 
31 0 31 0 7 
31 0 0 31 31 
END
31 0 0 0 31 
31 0 10 31 4 
31 11 2 0 0 
0 0 13 0 0 
0 0 14 14 15 
END
31 0 11 31 31 
14 0 31 2 0 
31 0 0 0 0 
31 0 0 31 31 
0 31 0 1 0 
END
0 31 0 0 0 
0 31 31 0 10 
10 12 0 31 0 
0 0 31 14 31 
0 31 0 0 31 
END
4 12 2 7 31 
0 0 10 8 0 
0 31 31 0 11 
6 0 0 0 6 
0 0 0 31 0 
END
31 31 0 11 10 
0 0 0 31 31 
13 0 0 0 0 
31 15 0 5 0 
0 31 12 0 31 
END
0 0 15 31 0 
0 0 0 0 14 
0 0 6 0 9 
31 0 0 31 0 
31 31 31 3 31 
END
0 31 0 31 14 
31 31 0 0 0 
0 31 31 0 0 
0 0 3 0 0 
31 13 11 31 0 
END
0 0 0 0 31 
7 0 0 12 0 
0 0 31 31 0 
0 31 31 31 2 
11 31 14 0 0 
END
0 0 0 8 0 
0 4 31 0 0 
0 6 31 0 6 
15 31 0 0 0 
31 31 15 0 2 
END
11 0 31 0 0 
0 0 0 7 15 
31 0 0 0 0 
0 1 31 11 31 
4 0 14 0 31 
END
2 0 9 13 11 
0 0 0 0 0 
4 15 31 0 15 
0 31 14 31 0 
0 15 0 0 31 
END
5 31 7 31 0 
0 0 0 0 2 
7 0 0 31 0 
31 31 11 0 0 
11 0 0 4 15 
END
0 0 0 31 31 
10 0 0 0 0 
0 0 0 31 31 
31 12 3 0 0 
0 31 1 31 31 
END
10 0 3 31 31 
0 0 12 31 31 
0 0 0 31 0 
31 0 0 31 31 
14 0 0 0 9 
END
14 0 31 31 0 
0 0 0 0 31 
1 0 0 11 31 
31 0 0 31 31 
15 31 0 0 31 
END
5 0 0 4 0 
31 0 0 7 31 
31 0 31 31 31 
0 0 14 0 0 
31 31 0 0 31 
END
31 0 9 0 0 
8 0 0 0 31 
0 31 0 12 13 
0 0 10 31 0 
0 31 4 11 14 
END
31 31 0 31 0 
31 0 31 31 11 
0 31 12 0 0 
0 0 0 0 0 
31 1 31 0 0 
END
31 31 0 0 3 
0 0 31 0 31 
0 14 0 0 0 
0 31 0 0 9 
1 0 31 6 13 
END
31 31 31 0 0 
0 31 0 2 0 
0 31 14 0 13 
0 10 0 9 31 
11 0 31 0 0 
END
2 0 0 31 0 
0 0 3 0 0 
31 31 31 31 31 
0 0 31 0 0 
14 8 0 31 0 
END
0 13 4 2 0 
4 0 0 0 13 
31 31 0 31 0 
31 31 0 0 0 
31 0 0 9 0 
END
15 0 7 1 15 
31 0 15 15 0 
0 0 31 0 31 
0 0 31 0 14 
0 31 0 0 11 
END
0 31 0 31 3 
0 15 0 6 12 
31 0 31 31 0 
31 0 0 31 31 
0 31 0 0 0 
END
9 0 9 31 15 
0 31 1 0 11 
0 0 0 14 0 
0 0 31 31 0 
31 0 0 31 6 
END
0 0 5 2 0 
31 0 11 0 8 
0 0 5 31 0 
3 31 0 31 0 
31 0 31 0 0 
END
0 31 31 4 0 
0 0 31 0 2 
10 7 0 0 0 
9 0 0 0 31 
0 12 6 1 0 
END
31 5 0 2 11 
0 0 31 0 0 
0 0 13 11 0 
0 31 31 0 31 
4 0 2 0 0 
END
0 0 0 0 0 
31 0 31 31 31 
13 15 13 31 31 
0 0 15 0 7 
12 11 0 0 0 
END
31 31 0 0 31 
0 0 11 0 0 
0 0 13 31 3 
0 31 31 31 0 
31 0 31 31 0 
END
31 31 0 1 0 
0 31 0 0 31 
31 31 31 0 0 
2 0 31 0 0 
0 31 0 31 13 
END
0 10 6 31 10 
31 31 31 0 4 
0 0 6 0 31 
31 15 0 0 0 
31 0 0 0 0 
END
0 0 31 0 0 
31 4 3 31 0 
0 31 31 0 9 
1 0 0 0 0 
0 31 0 11 10 
END
0 12 31 31 0 
31 0 31 0 31 
12 0 0 11 0 
31 0 0 0 31 
0 31 10 0 15 
END
14 0 0 0 12 
0 0 31 0 0 
0 11 0 0 31 
0 3 15 31 11 
31 31 0 8 5 
END
0 12 0 12 7 
7 0 0 31 0 
0 14 0 0 5 
11 0 14 13 0 
0 11 0 12 0 
END
31 31 0 31 0 
0 0 10 15 0 
4 15 0 2 0 
31 0 9 0 31 
0 0 31 31 0 
END
13 0 31 31 0 
31 11 0 31 31 
0 10 0 31 13 
0 0 0 31 0 
0 31 0 0 0 
END
0 11 0 0 31 
2 9 31 0 7 
6 0 31 31 9 
0 0 11 0 0 
0 31 0 13 0 
END
0 0 31 6 31 
0 0 31 31 31 
0 0 0 31 31 
0 31 0 0 31 
0 12 0 9 0 
END
0 0 9 0 0 
13 0 14 0 0 
31 31 12 0 0 
13 12 0 31 31 
6 0 31 0 31 
END
0 31 7 10 31 
0 0 0 0 31 
0 0 0 12 0 
6 13 0 15 0 
15 3 2 0 31 
END
31 0 0 0 14 
6 0 0 0 31 
0 0 10 0 0 
31 2 0 31 31 
0 14 2 0 31 
END
0 0 15 0 0 
1 0 31 3 0 
0 15 0 31 0 
31 4 31 31 0 
9 0 31 0 0 
END
0 15 8 0 0 
11 31 0 31 0 
0 14 31 0 31 
0 0 31 0 31 
13 0 31 0 31 
END
9 0 31 0 0 
0 31 31 0 0 
0 0 0 0 31 
31 0 31 31 11 
0 31 31 31 12 
END
0 1 12 10 0 
0 31 31 11 0 
31 0 31 0 0 
31 0 8 31 0 
0 0 0 0 15 
END
0 31 0 31 0 
0 0 0 0 8 
4 31 31 31 31 
7 2 0 0 31 
0 0 0 31 31 
END
0 0 0 7 0 
31 0 31 31 0 
0 0 0 0 10 
31 31 0 31 31 
31 31 0 31 31 
END
31 10 15 0 0 
0 31 0 31 31 
0 31 0 0 0 
31 0 0 10 2 
0 31 0 0 31 
END
0 0 0 31 31 
31 7 0 31 0 
31 0 0 0 0 
13 0 31 31 0 
15 0 31 31 31 
END
31 31 15 31 31 
8 0 12 0 11 
31 0 0 0 0 
31 31 0 0 0 
0 0 0 31 31 
END
0 11 0 0 0 
9 31 0 9 0 
0 0 0 0 31 
31 31 0 31 9 
4 14 31 0 31 
END
0 31 0 10 31 
31 11 0 0 31 
0 0 0 31 3 
0 0 31 0 31 
0 0 10 31 0 
END
0 11 0 0 0 
2 5 0 0 14 
31 0 31 31 10 
31 0 0 0 31 
0 31 0 0 31 
END
0 31 0 0 10 
3 11 2 0 0 
0 3 31 0 0 
31 0 31 31 31 
6 0 0 0 31 
END
0 10 15 31 31 
0 14 31 0 0 
1 0 31 0 0 
31 0 0 31 31 
0 31 0 31 0 
END
31 2 0 31 31 
0 0 31 0 0 
15 31 0 0 0 
31 0 9 0 0 
0 31 31 0 31 
END
31 0 31 0 0 
9 31 0 0 31 
9 31 0 14 0 
10 0 0 31 0 
6 0 13 31 0 
END
10 0 10 15 0 
0 0 31 0 0 
0 0 31 0 31 
31 15 31 31 31 
0 0 3 10 0 
END
31 0 0 0 0 
0 31 31 31 31 
0 0 8 0 31 
3 10 0 0 0 
12 10 0 11 31 
END
13 0 11 8 0 
31 31 0 0 0 
31 3 14 31 0 
31 31 0 0 0 
0 0 0 0 31 
END
0 31 31 0 0 
10 0 31 15 0 
0 0 31 4 31 
0 31 0 0 0 
31 9 0 0 31 
END
31 31 15 0 31 
0 31 0 9 0 
0 0 0 31 0 
7 15 31 0 0 
0 11 31 0 0 
END
31 0 0 15 0 
10 0 14 0 0 
0 31 4 31 31 
0 31 6 12 31 
0 0 31 0 0 
END
12 9 6 31 0 
10 0 31 0 0 
31 0 0 31 31 
0 0 0 0 0 
0 8 31 0 11 
END
0 0 31 6 0 
31 0 31 31 31 
0 0 0 0 0 
0 31 0 0 31 
15 31 31 31 31 
END
0 9 0 0 0 
15 31 0 0 0 
0 7 31 10 0 
31 0 0 2 0 
31 31 12 0 4 
END
31 0 10 15 0 
0 31 5 0 31 
0 0 13 31 0 
0 1 12 0 5 
13 0 0 9 0 
END
0 0 0 12 0 
0 31 31 31 13 
0 0 31 0 31 
0 0 31 0 11 
0 31 11 12 31 
END
0 14 9 14 0 
0 0 0 0 31 
31 0 31 0 14 
14 0 0 15 0 
13 0 0 31 9 
END
31 31 0 0 7 
0 0 31 31 0 
31 10 0 0 0 
31 0 0 9 0 
0 31 31 5 0 
END
13 0 0 31 0 
12 0 31 10 0 
5 31 0 31 0 
0 0 0 31 31 
0 31 0 10 31 
END
31 0 0 0 9 
31 0 0 0 0 
31 31 31 0 7 
0 31 0 31 31 
3 31 0 0 31 
END
0 15 31 0 0 
0 31 31 0 14 
0 31 0 1 31 
11 0 0 31 3 
0 31 0 31 0 
END
31 0 0 0 2 
9 3 0 31 0 
0 31 0 3 0 
31 31 0 0 31 
0 31 0 0 31 
END
0 0 15 12 13 
0 0 0 0 13 
0 0 0 31 15 
1 0 7 31 12 
31 31 0 0 31 
END
13 0 0 0 31 
0 31 0 3 0 
31 31 0 0 0 
31 0 0 1 6 
14 2 0 11 0 
END
0 9 10 9 0 
0 31 0 8 8 
0 31 31 0 0 
12 31 31 8 0 
0 0 0 0 31 
END
0 0 31 0 14 
0 0 0 13 0 
14 0 12 31 31 
0 6 11 31 0 
0 31 31 0 15 
END
7 0 0 0 31 
0 31 9 10 0 
0 0 6 0 0 
31 31 15 31 0 
1 31 9 0 0 
END
0 0 0 0 0 
31 0 0 0 9 
31 0 31 31 8 
11 31 0 0 0 
0 31 31 31 7 
END
0 13 0 0 0 
0 0 0 31 31 
31 0 31 31 12 
0 0 31 11 0 
0 0 31 31 31 
END
31 31 0 0 0 
11 31 3 14 0 
0 10 3 0 31 
14 0 14 0 31 
0 15 0 0 0 
END
9 31 0 0 0 
0 0 11 12 12 
31 0 15 0 31 
0 0 10 13 0 
0 0 31 0 13 
END
31 0 0 0 13 
0 0 9 0 31 
0 31 31 5 0 
0 31 0 1 0 
5 31 31 0 0 
END
0 31 14 15 31 
0 0 0 0 0 
0 3 0 31 0 
13 11 0 31 0 
31 2 31 0 31 
END
31 0 31 0 0 
31 31 0 0 4 
6 0 31 0 31 
31 31 0 31 0 
0 0 8 0 0 
END
7 0 0 0 31 
0 31 0 31 12 
15 31 0 0 31 
0 0 0 2 0 
3 31 0 0 4 
END
0 15 15 31 5 
0 0 0 0 0 
9 0 31 31 31 
0 31 0 0 0 
31 31 0 0 31 
END
0 6 11 0 0 
31 31 0 0 0 
0 31 31 0 9 
0 5 31 0 31 
14 0 0 31 31 
END
0 31 13 31 31 
0 0 11 0 0 
31 31 31 0 0 
0 0 0 31 0 
0 31 0 31 31 
END
0 0 13 31 0 
0 31 9 0 0 
0 31 31 31 5 
31 31 0 31 0 
6 0 14 0 0 
END
0 31 10 8 0 
31 0 31 13 31 
0 0 31 0 31 
13 0 31 9 14 
0 0 0 0 0 
END
4 15 31 31 31 
0 31 0 0 4 
0 0 31 31 12 
9 0 0 0 0 
0 0 8 0 0 
END
0 4 31 0 0 
0 31 31 4 15 
0 31 10 0 0 
2 9 0 0 0 
31 3 31 0 0 
END
0 31 0 31 11 
0 0 31 0 0 
12 31 13 0 31 
0 31 0 10 12 
0 0 0 6 0 
END
0 31 0 31 0 
31 0 0 0 0 
1 0 31 13 31 
0 31 31 13 0 
13 0 31 0 6 
END
0 31 31 11 0 
0 0 31 0 0 
15 31 0 31 2 
14 6 0 31 0 
0 0 31 0 31 
END
8 31 31 0 13 
31 31 31 0 12 
0 0 0 0 0 
31 0 0 15 31 
0 14 0 0 0 
END
31 0 0 31 31 
0 0 31 0 0 
14 0 0 31 0 
0 31 0 31 31 
31 0 31 0 3 
END
0 31 11 0 31 
0 0 0 31 0 
0 31 0 0 31 
31 5 0 11 0 
0 2 31 4 0 
END
3 31 0 4 0 
11 4 0 0 0 
10 31 5 0 0 
3 0 0 31 0 
31 0 2 0 0 
END
15 0 31 0 0 
31 31 31 31 0 
31 4 0 14 0 
0 0 31 0 31 
0 0 0 0 2 
END
31 0 12 31 0 
0 31 31 0 10 
0 0 14 0 0 
0 0 31 0 0 
31 13 31 0 31 
END
12 0 12 0 6 
0 31 31 31 0 
0 0 31 6 31 
31 0 0 0 15 
0 0 15 0 3 
END
31 0 31 15 31 
0 0 0 31 6 
0 0 0 0 0 
31 0 31 13 0 
14 3 31 0 0 
END
4 5 0 0 0 
31 0 0 0 0 
1 31 0 0 0 
12 3 14 31 0 
0 12 31 31 0 
END
0 0 0 31 0 
0 0 12 0 0 
15 4 0 31 4 
0 0 31 0 0 
31 31 31 31 13 
END
0 0 3 0 5 
10 10 31 0 0 
0 0 10 12 31 
0 0 0 31 0 
31 0 31 0 31 
END
0 0 31 0 0 
31 11 0 31 0 
31 2 31 0 0 
0 31 0 0 31 
0 31 10 31 0 
END
31 0 0 0 31 
11 0 13 0 4 
31 0 0 6 0 
0 0 0 15 11 
8 31 10 31 0 
END
0 0 31 0 0 
0 31 31 0 31 
10 14 0 0 31 
0 15 31 4 0 
0 31 0 31 4 
END
0 12 31 31 0 
0 0 31 0 31 
0 11 0 10 31 
0 10 31 31 0 
0 31 0 0 0 
END
0 5 0 0 31 
0 4 5 0 0 
0 0 31 31 31 
0 10 0 14 14 
0 0 15 0 31 
END
12 31 0 9 0 
0 15 31 0 4 
0 0 0 2 31 
0 0 31 31 31 
0 0 31 31 0 
END
11 0 0 11 0 
0 0 31 9 0 
31 31 0 5 0 
10 0 31 31 31 
0 0 0 0 31 
END
31 31 0 0 0 
12 0 8 13 0 
31 0 0 0 31 
0 1 31 0 31 
31 31 0 0 0 
END
0 8 0 0 31 
1 31 31 0 31 
31 0 0 0 31 
31 0 31 0 0 
31 31 0 7 0 
END
31 10 31 31 0 
1 31 0 0 0 
0 10 31 0 31 
0 1 0 0 15 
31 0 0 0 0 
END
0 31 0 14 0 
12 7 0 12 31 
0 0 31 0 0 
0 13 3 31 9 
31 0 0 31 0 
END
2 0 0 10 0 
13 9 0 31 0 
0 0 0 1 31 
0 2 31 0 14 
0 31 31 11 0 
END
31 0 0 0 31 
0 0 0 0 14 
31 31 0 3 7 
31 0 0 31 0 
0 9 0 31 31 
END
0 31 15 0 0 
31 0 3 12 0 
0 11 14 0 0 
0 0 0 0 14 
31 31 0 31 31 
END
0 31 31 15 13 
13 0 0 0 14 
31 0 31 0 9 
0 13 9 15 0 
0 0 0 15 0 
END
0 10 0 31 13 
0 31 0 0 0 
31 0 15 0 0 
31 5 0 31 0 
31 0 5 31 31 
END
31 31 13 1 31 
0 14 12 31 0 
0 0 0 0 0 
31 0 0 12 31 
0 0 12 0 0 
END
31 31 0 2 0 
31 0 0 31 31 
0 0 0 31 0 
31 0 0 0 31 
31 9 0 1 31 
END
0 0 13 5 31 
0 31 0 0 31 
0 0 0 0 31 
31 31 11 0 0 
31 15 0 0 6 
END
14 31 31 31 0 
13 0 31 0 31 
0 0 0 12 0 
0 31 31 31 31 
0 0 0 0 0 
END
0 0 0 0 10 
7 31 0 31 0 
13 31 0 0 12 
0 0 8 31 0 
0 31 0 31 8 
END
0 31 31 31 0 
31 0 3 0 12 
31 6 0 0 15 
0 31 31 0 0 
0 2 10 0 0 
END
0 31 0 31 0 
0 5 14 11 31 
0 0 0 31 0 
31 0 15 5 0 
7 0 0 2 12 
END
31 1 0 0 0 
0 0 13 31 31 
31 9 31 0 12 
0 0 31 0 0 
0 31 0 12 0 
END
0 6 0 31 31 
0 5 14 14 10 
31 0 9 31 0 
0 31 0 0 0 
0 0 31 31 0 
END
0 0 31 31 0 
0 31 0 0 5 
0 1 0 0 31 
0 9 31 8 0 
5 15 0 0 31 
END
31 31 3 0 0 
31 0 15 14 0 
0 13 10 0 0 
31 12 7 31 0 
31 0 0 0 0 
END
0 11 31 31 0 
0 0 0 0 31 
0 12 31 14 0 
0 15 0 10 0 
31 9 31 0 5 
END
0 31 31 31 0 
2 31 0 0 31 
0 0 0 0 0 
31 14 0 0 0 
3 0 31 31 13 
END
0 31 31 0 8 
31 31 0 9 0 
31 31 0 31 0 
31 0 0 31 0 
0 31 0 31 0 
END
0 31 3 0 0 
31 8 0 15 0 
8 15 0 0 14 
31 31 0 2 0 
31 0 31 0 0 
END
31 13 31 31 0 
0 0 5 1 15 
14 31 0 0 31 
0 0 0 0 0 
0 31 0 31 0 
END
31 0 31 31 0 
0 0 0 15 31 
0 0 31 9 0 
9 0 11 31 31 
0 11 0 0 0 
END
31 0 0 0 0 
31 0 0 31 31 
31 31 31 0 31 
0 12 0 0 0 
0 31 2 0 7 
END
31 0 6 0 11 
0 0 0 0 0 
31 0 4 0 10 
31 0 0 31 0 
31 13 31 8 15 
END
0 3 0 0 0 
31 0 31 0 12 
0 31 0 31 0 
31 14 31 0 31 
31 31 31 0 0 
END
0 0 0 31 31 
31 0 0 0 1 
31 7 0 31 0 
0 3 31 0 0 
31 0 0 4 31 
END
0 15 0 10 0 
11 0 0 6 13 
0 0 4 0 14 
0 0 31 0 12 
31 0 31 0 9 
END
0 0 31 0 31 
0 31 12 6 31 
9 31 0 0 0 
0 0 31 0 31 
0 31 0 31 1 
END
15 13 0 0 31 
6 0 0 0 0 
0 31 31 0 31 
11 13 31 0 31 
0 0 15 0 31 
END
12 12 0 0 0 
0 31 31 13 0 
0 31 31 31 31 
31 0 0 0 0 
0 0 11 7 14 
END
31 0 0 8 2 
0 31 0 31 0 
0 2 31 0 0 
0 9 7 0 0 
0 31 11 31 0 
END
31 0 31 31 31 
15 0 0 0 3 
31 0 0 11 0 
0 14 0 31 0 
0 31 0 31 0 
END
0 0 0 5 0 
31 0 0 31 0 
9 7 31 14 31 
0 10 0 0 0 
31 0 31 31 0 
END
0 0 31 0 0 
0 0 0 31 31 
0 31 0 10 15 
0 0 31 31 10 
14 15 8 15 0 
END
0 15 0 31 31 
0 0 31 0 15 
0 13 0 0 31 
31 31 4 0 31 
0 31 0 0 0 
END
0 0 31 0 31 
0 31 31 4 0 
14 8 12 0 31 
0 0 0 13 0 
0 0 31 31 0 
END
31 15 0 0 8 
0 0 9 10 0 
10 0 12 0 0 
31 31 0 0 0 
31 0 31 31 31 
END
31 0 0 31 31 
31 2 31 0 4 
31 31 31 0 10 
0 0 4 0 31 
0 0 0 0 0 
END
1 0 0 7 7 
0 31 0 0 0 
5 0 0 31 0 
6 31 31 9 31 
0 0 0 0 31 
END
0 0 31 31 0 
0 31 0 0 0 
0 31 0 31 0 
31 0 0 0 31 
31 31 14 31 31 
END
31 0 9 0 31 
0 0 9 31 0 
13 9 4 0 0 
0 0 0 0 31 
31 31 31 31 0 
END
31 0 11 0 0 
31 31 31 0 0 
0 0 0 0 10 
31 0 31 0 2 
0 14 31 31 0 
END
0 6 31 11 31 
0 0 0 0 0 
0 9 12 0 31 
0 9 31 11 0 
31 0 31 31 0 
END
0 15 0 0 0 
0 0 31 0 0 
31 31 0 31 31 
31 0 31 31 31 
31 0 0 4 15 
END
0 31 0 0 0 
0 31 0 31 0 
0 31 3 0 0 
0 7 0 31 5 
12 15 31 13 0 
END
0 31 31 31 0 
31 8 0 0 0 
31 1 0 0 0 
31 13 0 0 31 
0 7 0 31 31 
END
0 0 0 31 7 
31 0 31 0 8 
31 0 0 31 14 
9 0 0 0 0 
0 0 31 31 31 
END
0 0 31 4 31 
31 8 7 31 0 
13 0 0 31 31 
0 31 0 0 0 
0 31 0 0 11 
END
0 15 5 0 31 
0 0 31 14 0 
11 0 7 31 0 
0 0 31 15 0 
31 5 0 0 14 
END
31 31 0 31 31 
31 31 0 31 0 
4 5 0 0 15 
0 7 0 0 31 
31 0 0 0 0 
END
0 10 0 0 31 
5 31 0 0 0 
10 0 4 31 31 
0 31 0 31 0 
0 3 31 0 31 
END
0 0 10 0 31 
0 9 0 31 31 
13 0 31 0 10 
31 0 0 31 31 
9 31 0 0 0 
END
31 0 3 0 10 
0 0 31 0 8 
31 0 31 15 0 
31 0 12 0 0 
0 31 31 0 0 
END
0 31 0 0 31 
31 31 0 0 31 
0 0 31 31 0 
0 31 0 6 31 
0 0 0 6 31 
END
31 0 0 31 0 
0 31 31 11 0 
8 10 31 0 12 
0 0 0 31 0 
31 31 31 0 0 
END
31 31 31 0 31 
0 14 31 0 0 
14 0 31 31 0 
10 0 0 31 3 
0 0 0 0 14 
END
0 14 0 0 0 
0 31 0 31 12 
0 8 0 31 3 
10 12 0 31 0 
8 31 0 0 0 
END
0 0 0 0 31 
0 31 31 0 0 
0 0 0 13 31 
31 31 0 31 0 
31 13 9 31 31 
END
0 31 31 31 9 
0 31 0 31 0 
0 12 0 0 31 
9 0 31 0 31 
31 0 0 0 31 
END
31 31 31 0 31 
0 0 9 31 3 
31 0 0 0 0 
1 31 0 0 0 
31 0 31 31 0 
END
31 0 5 0 0 
31 31 31 0 0 
31 31 0 0 0 
31 0 15 0 0 
31 4 31 31 0 
END
31 0 0 0 2 
0 0 0 0 31 
0 31 0 31 15 
0 31 13 10 31 
9 0 11 11 0 
END
0 31 31 0 31 
0 31 0 0 0 
0 0 2 31 0 
0 31 0 31 7 
0 31 14 0 12 
END
0 0 31 0 0 
31 0 31 14 31 
31 0 0 0 31 
10 0 7 2 0 
0 0 31 0 15 
END
31 0 3 0 8 
31 0 9 31 0 
31 31 31 0 31 
0 0 0 0 0 
0 31 31 11 0 
END
0 0 0 0 31 
31 0 0 31 0 
0 31 12 9 7 
13 0 0 31 0 
15 0 0 31 31 
END
0 0 0 0 0 
11 10 31 31 31 
31 31 0 0 0 
31 31 0 31 8 
7 0 0 0 31 
END
0 0 0 31 0 
0 31 11 9 0 
0 0 0 0 31 
31 0 31 31 0 
31 1 11 0 9 
END
0 8 12 0 3 
13 0 31 31 31 
0 9 0 0 0 
0 31 10 0 31 
0 31 0 0 11 
END
0 31 13 0 0 
10 0 0 0 31 
13 0 11 14 0 
31 11 0 31 4 
0 8 0 0 31 
END
0 0 8 12 12 
13 31 0 0 2 
2 0 0 0 8 
31 0 0 0 31 
0 31 31 6 0 
END
0 31 31 0 0 
31 1 10 31 0 
0 0 31 31 0 
0 31 0 0 31 
13 7 31 0 0 
END
31 0 0 0 9 
0 1 4 0 31 
0 0 12 4 31 
0 0 31 31 31 
0 0 0 14 0 
END
0 13 0 12 31 
0 31 15 0 0 
31 5 0 0 13 
13 0 31 0 31 
0 0 4 7 0 
END
31 31 31 0 0 
0 0 31 10 0 
4 10 31 0 31 
0 13 0 31 12 
0 31 0 0 0 
END
0 0 0 0 0 
12 0 0 0 31 
0 31 15 0 10 
0 0 5 31 31 
31 13 31 0 31 
END
31 0 0 10 14 
0 0 0 31 0 
2 11 0 0 0 
3 4 4 0 0 
4 0 3 0 8 
END
31 31 10 31 0 
0 14 0 31 0 
31 0 31 0 4 
0 0 0 31 0 
14 0 0 31 31 
END
1 0 12 31 0 
0 0 13 0 31 
0 0 0 31 31 
0 14 13 9 0 
0 0 31 0 12 
END
0 0 31 0 31 
31 0 0 31 31 
0 0 0 31 0 
0 0 12 31 12 
12 10 0 10 31 
END
0 0 31 0 0 
31 15 0 31 31 
0 10 0 31 0 
31 0 0 31 31 
31 31 31 0 0 
END
0 0 9 0 8 
0 0 31 4 0 
31 0 31 31 11 
0 0 31 0 0 
31 13 0 0 31 
END
9 31 31 0 0 
5 0 0 31 31 
0 2 0 31 0 
0 31 11 0 31 
0 0 0 31 0 
END
0 31 11 0 0 
31 0 10 4 0 
31 31 0 0 15 
31 0 31 0 0 
0 31 0 0 31 
END
31 31 31 0 0 
0 31 6 0 0 
0 31 0 31 31 
0 31 9 0 13 
0 31 0 0 0 
END
15 0 0 0 31 
31 31 13 0 10 
0 0 0 31 31 
31 10 0 0 10 
0 31 31 0 0 
END
0 0 31 0 31 
0 2 6 0 0 
15 0 13 10 3 
0 0 0 12 31 
0 0 0 7 31 
END
31 0 0 0 0 
9 0 15 31 12 
31 31 0 0 31 
31 0 0 0 31 
31 0 15 0 15 
END
0 10 0 11 31 
31 0 0 13 0 
0 0 31 0 0 
31 0 15 10 0 
9 0 31 31 0 
END
0 31 11 0 31 
14 31 0 0 31 
0 10 0 0 10 
0 0 0 31 31 
15 9 31 0 0 
END
0 13 31 31 10 
0 0 0 0 0 
9 31 31 4 11 
31 31 0 0 31 
0 0 0 4 0 
END
0 0 31 0 31 
12 31 8 0 0 
0 31 7 31 0 
0 13 15 3 0 
0 0 0 31 0 
END
31 31 31 0 0 
0 3 1 0 0 
0 0 0 31 0 
31 31 13 0 31 
31 5 0 0 13 
END
0 0 31 0 11 
14 0 0 4 31 
31 31 0 0 0 
9 31 31 0 0 
9 9 0 0 0 
END
0 10 0 0 8 
14 0 0 0 31 
31 15 31 0 31 
0 31 1 31 9 
0 0 0 0 0 
END
10 0 12 9 31 
8 0 9 31 0 
31 0 0 0 0 
0 0 0 31 31 
31 31 31 0 0 
END
0 0 31 7 0 
6 0 0 0 0 
0 31 0 31 0 
12 31 0 11 0 
31 1 9 31 0 
END
31 0 0 8 2 
0 0 12 31 5 
0 31 7 0 31 
0 9 0 0 31 
31 31 0 0 0 
END
0 31 0 0 1 
0 31 0 3 31 
9 0 0 0 0 
0 2 31 12 31 
0 14 0 11 0 
END
0 0 10 0 2 
10 0 15 7 31 
0 31 0 0 10 
0 0 8 31 0 
0 14 0 31 0 
END
0 11 0 0 14 
31 0 0 15 31 
31 0 0 2 7 
0 0 0 0 0 
15 31 7 31 0 
END
31 31 31 0 14 
31 0 0 31 31 
31 0 0 5 0 
0 0 0 0 0 
31 0 9 0 31 
END
0 0 31 13 0 
12 0 0 15 31 
31 0 0 15 31 
31 0 15 31 0 
0 31 0 0 0 
END
0 31 31 31 15 
0 0 0 12 0 
0 0 0 31 0 
0 31 31 31 31 
0 31 0 31 0 
END
31 0 0 0 0 
31 3 9 31 15 
0 0 0 12 0 
31 0 0 31 0 
0 31 9 8 0 
END
0 0 0 0 0 
10 31 31 10 15 
0 31 31 11 31 
31 31 0 0 0 
31 0 9 0 0 
END
0 11 0 31 9 
31 31 31 31 0 
0 0 0 0 0 
0 0 31 6 0 
0 31 0 31 31 
END
11 31 0 12 0 
0 7 2 0 0 
6 31 0 0 0 
0 31 31 31 31 
3 0 0 0 0 
END
6 31 0 0 31 
7 0 31 12 31 
31 0 0 0 14 
0 0 31 0 0 
12 9 0 0 0 
END
0 31 0 0 0 
31 0 0 13 31 
0 0 0 3 31 
31 31 0 0 10 
31 0 0 31 31 
END
0 0 15 0 31 
31 31 0 31 0 
0 0 0 31 0 
31 0 31 31 0 
14 31 31 0 0 
END
11 9 31 31 31 
14 0 11 0 0 
0 31 0 0 0 
0 2 0 0 15 
31 9 31 0 0 
END
0 31 11 0 0 
31 31 0 31 0 
31 31 14 0 31 
0 0 0 31 0 
31 0 0 31 0 
END
0 0 0 11 0 
0 15 0 31 31 
31 12 9 0 31 
2 2 0 0 31 
0 31 0 0 13 
END
0 11 31 31 31 
13 7 8 0 0 
31 0 0 0 31 
0 31 0 0 0 
0 0 0 31 9 
END
15 11 0 0 31 
31 0 0 0 0 
0 0 13 31 0 
31 0 31 31 0 
31 0 31 0 31 
END
0 4 4 0 14 
0 0 31 0 0 
31 0 0 2 0 
0 31 8 31 31 
15 0 0 31 0 
END
0 0 31 0 1 
31 11 31 31 11 
1 31 0 0 0 
31 0 31 0 0 
0 31 0 31 0 
END
0 0 0 0 14 
0 14 0 0 0 
0 13 0 12 0 
31 8 12 0 31 
31 0 31 31 10 
END
0 0 0 0 0 
13 10 0 31 14 
0 31 31 31 5 
0 31 0 2 0 
0 31 9 0 10 
END
0 0 0 31 0 
0 14 0 31 31 
31 0 0 0 14 
31 0 15 6 0 
0 31 31 11 0 
END
31 31 15 0 12 
0 31 0 31 9 
31 0 6 0 0 
0 0 0 11 0 
31 0 10 0 0 
END
0 14 0 10 0 
5 0 31 0 0 
3 10 12 0 0 
31 31 1 31 0 
0 0 9 9 0 
END
31 0 0 0 4 
31 31 31 31 14 
0 0 0 31 0 
31 0 0 10 10 
0 0 31 0 0 
END
3 0 31 0 31 
0 0 31 0 15 
12 0 31 0 31 
0 0 13 0 0 
7 11 0 9 13 
END
13 10 0 7 31 
0 31 31 31 0 
0 0 31 31 0 
0 0 31 13 11 
12 0 0 0 0 
END
9 0 0 0 31 
31 31 0 12 31 
1 31 0 0 0 
0 0 11 0 0 
0 15 31 2 0 
END
31 31 0 5 14 
13 0 15 31 0 
0 31 0 0 0 
0 31 0 12 0 
31 0 0 31 14 
END
0 31 31 31 0 
31 0 0 31 0 
0 9 10 11 0 
31 0 0 4 0 
0 0 31 0 9 
END
31 0 0 31 0 
31 0 0 0 31 
4 12 31 31 0 
10 31 31 0 0 
10 0 15 0 0 
END
0 31 0 31 8 
10 8 31 0 0 
0 14 0 0 0 
14 13 14 0 0 
9 0 31 6 0 
END
0 31 0 0 0 
0 31 0 31 31 
15 0 0 31 31 
0 14 14 0 31 
31 5 0 31 0 
END
0 0 0 0 31 
0 31 0 15 3 
0 31 0 31 31 
31 31 31 0 0 
0 31 31 0 11 
END
0 12 31 0 0 
31 31 0 0 31 
8 0 0 31 31 
0 15 0 0 0 
31 31 7 0 0 
END
0 0 31 31 0 
31 0 0 0 10 
0 0 31 31 31 
7 31 0 3 0 
14 4 0 0 11 
END
0 31 8 31 0 
31 0 0 0 31 
31 31 0 31 0 
31 0 0 0 13 
0 9 0 0 11 
END
0 14 31 31 5 
14 0 31 0 12 
0 31 0 0 0 
5 8 5 14 0 
7 0 0 0 0 
END
31 0 0 31 4 
0 1 31 4 7 
31 0 0 0 0 
14 14 0 0 11 
1 0 0 0 0 
END
0 10 0 0 31 
31 11 11 0 31 
0 0 31 31 0 
0 0 0 31 31 
0 31 0 14 0 
END
0 0 0 11 0 
7 0 31 0 31 
31 0 31 12 0 
5 31 31 14 4 
0 0 0 0 0 
END
31 0 31 0 0 
0 31 0 0 31 
14 0 31 0 0 
7 0 3 0 6 
10 31 31 0 0 
END
7 31 31 0 31 
0 0 0 0 0 
31 0 14 15 31 
0 3 31 0 15 
11 0 0 0 0 
END
3 31 31 11 31 
12 0 0 0 31 
0 13 0 10 15 
0 0 0 31 0 
0 9 0 0 0 
END
31 0 31 13 0 
0 0 10 31 0 
0 0 0 31 0 
3 11 31 0 0 
6 0 31 0 31 
END
31 31 0 31 31 
11 0 2 0 0 
15 0 11 0 31 
8 0 0 0 14 
31 0 0 31 0 
END
0 3 31 0 0 
31 9 0 0 31 
0 0 5 31 0 
31 14 31 0 31 
0 0 9 15 0 
END
0 31 10 0 0 
0 31 31 0 0 
0 0 31 0 31 
11 31 31 0 0 
0 0 31 5 10 
END
0 15 10 31 1 
31 11 14 0 0 
4 31 0 0 0 
0 15 0 31 0 
0 0 0 0 31 
END
0 4 4 31 0 
31 31 31 31 0 
0 31 0 0 0 
0 0 0 31 0 
31 0 12 11 31 
END
31 2 0 12 0 
0 9 31 0 9 
0 5 31 31 0 
31 0 0 10 0 
0 0 31 0 0 
END
0 31 10 0 0 
31 31 15 0 31 
0 0 0 11 31 
9 0 2 31 12 
0 0 9 0 0 
END
9 0 31 31 7 
31 0 0 0 0 
0 0 6 31 12 
31 0 0 15 0 
6 0 31 0 0 
END
0 0 0 13 0 
0 31 31 31 31 
0 31 31 0 0 
0 3 0 14 0 
14 31 0 7 8 
END
31 31 0 0 0 
2 0 0 31 0 
31 0 0 31 31 
0 0 31 31 0 
10 31 0 12 0 
END
0 31 0 0 0 
10 31 12 0 5 
0 31 31 11 31 
0 0 31 31 31 
0 0 0 1 0 
END
0 31 6 14 31 
31 0 0 0 0 
12 0 0 0 0 
13 4 10 0 0 
31 0 10 31 31 
END
31 0 0 0 31 
0 31 3 0 0 
0 0 0 0 14 
0 31 31 0 31 
10 0 31 31 11 
END
31 31 31 11 0 
13 0 31 31 0 
0 0 0 0 0 
12 0 7 31 0 
6 0 31 5 0 
END
31 7 6 31 31 
0 0 0 11 14 
0 7 0 0 0 
0 15 31 0 5 
0 9 0 31 0 
END
31 0 9 0 0 
7 31 0 0 14 
0 31 0 31 10 
31 0 0 31 13 
0 0 0 0 31 
END
31 0 0 31 11 
31 5 12 0 31 
0 31 0 0 31 
10 31 31 0 0 
0 12 0 0 0 
END
0 31 0 1 0 
0 31 0 0 31 
0 0 2 0 0 
31 15 14 8 7 
0 0 0 31 31 
END
0 31 31 31 31 
0 13 0 0 0 
31 0 0 3 31 
9 0 0 0 0 
0 5 0 31 15 
END
0 0 0 0 31 
31 0 0 31 0 
0 31 3 12 0 
9 31 12 31 31 
0 0 31 10 0 
END
0 14 0 3 0 
0 0 31 11 4 
0 0 9 0 0 
0 0 0 31 31 
31 0 1 31 2 
END
0 31 31 31 0 
31 0 0 5 0 
15 0 0 0 0 
0 3 31 31 9 
12 0 31 0 0 
END
31 0 0 0 0 
6 31 31 31 31 
0 0 31 0 14 
7 6 0 0 4 
12 0 0 0 31 
END
31 0 0 31 9 
31 0 0 31 0 
0 0 14 31 0 
12 9 31 0 0 
15 31 31 0 0 
END
31 6 0 0 31 
9 0 0 0 0 
31 10 0 11 31 
31 0 10 0 31 
0 0 0 31 0 
END
12 31 0 0 0 
31 31 0 0 11 
11 0 31 15 31 
11 0 0 0 0 
31 0 0 15 13 
END
31 0 0 0 0 
31 31 0 31 31 
0 0 0 0 10 
0 0 7 7 31 
0 8 11 31 0 
END
0 0 10 0 10 
5 0 0 0 31 
0 0 31 0 31 
0 0 31 31 0 
31 31 0 31 31 
END
0 0 31 9 0 
0 0 0 14 0 
31 13 0 0 0 
0 0 13 4 31 
11 31 2 31 31 
END
0 31 0 31 0 
6 31 31 0 0 
0 0 9 13 15 
31 8 31 0 31 
0 0 0 0 31 
END
31 0 0 31 2 
31 31 14 0 0 
0 0 0 0 31 
9 31 31 1 0 
0 0 0 11 1 
END
31 15 10 0 0 
31 0 0 11 0 
0 31 31 1 2 
31 0 0 0 0 
0 0 12 12 31 
END
0 31 0 0 11 
15 10 14 31 31 
31 0 0 0 0 
0 31 11 0 0 
0 15 0 15 0 
END
0 31 0 0 31 
0 10 12 0 0 
10 10 0 8 0 
31 14 31 0 0 
0 12 9 14 0 
END
4 31 0 31 0 
0 0 0 0 31 
0 31 31 15 0 
0 0 31 0 13 
31 0 31 31 0 
END
0 0 31 0 31 
0 0 0 4 14 
0 31 0 31 31 
31 9 0 31 31 
0 0 7 0 0 
END
0 0 0 0 10 
3 0 0 12 31 
31 0 0 31 31 
11 8 0 0 31 
0 0 31 31 31 
END
31 0 0 31 31 
31 0 0 0 0 
31 31 12 0 1 
31 15 0 13 0 
31 0 0 0 0 
END
7 31 0 0 0 
0 9 31 8 0 
0 31 0 0 31 
0 5 31 0 0 
31 31 31 0 31 
END
10 0 0 0 0 
0 31 0 0 0 
31 0 31 31 31 
0 31 3 7 0 
0 31 31 31 0 
END
0 13 0 11 0 
10 0 0 31 31 
31 0 0 31 0 
31 0 0 11 13 
0 31 0 0 10 
END
0 8 0 31 31 
31 0 0 0 0 
1 0 31 31 12 
13 0 0 4 0 
0 31 0 0 31 
END
0 0 0 31 11 
31 31 0 0 0 
1 0 31 0 0 
0 0 31 31 31 
11 31 0 0 31 
END
0 0 31 0 31 
2 0 0 2 2 
31 0 0 0 0 
0 11 1 0 31 
0 11 3 2 0 
END
31 31 31 31 0 
0 0 31 0 0 
31 0 31 10 11 
0 0 31 0 3 
0 31 0 0 0 
END
12 0 31 0 7 
0 0 0 14 31 
0 0 0 0 0 
31 0 0 31 13 
9 0 31 31 5 
END
0 31 0 8 0 
31 0 31 6 31 
14 0 0 0 0 
31 0 0 10 0 
0 31 31 31 10 
END
31 31 31 0 0 
31 0 0 0 0 
31 0 9 0 31 
0 0 0 31 31 
8 31 15 0 0 
END
0 0 31 0 6 
0 0 31 31 0 
31 31 0 0 12 
15 31 0 31 9 
0 0 11 10 0 
END
31 31 31 0 31 
31 0 31 0 0 
10 0 0 0 31 
0 31 31 0 31 
3 0 31 0 0 
END
0 13 0 0 31 
0 31 0 2 0 
31 0 0 31 31 
8 9 0 0 0 
9 1 7 0 31 
END
0 0 12 0 31 
31 31 0 0 31 
0 12 31 31 10 
13 0 13 0 8 
0 0 0 31 0 
END
31 0 0 15 31 
6 0 0 31 31 
0 11 31 0 0 
0 0 31 5 0 
31 0 0 31 0 
END
31 0 31 31 31 
31 0 0 31 31 
31 31 0 14 0 
0 0 31 0 0 
3 0 0 31 0 
END
9 31 12 9 0 
0 9 0 0 0 
31 11 0 31 0 
0 31 0 0 31 
0 0 31 6 31 
END
0 0 0 15 31 
31 0 14 31 0 
31 0 0 11 0 
31 0 31 12 6 
0 0 0 4 0 
END
1 31 31 0 31 
31 11 13 31 0 
0 0 0 15 13 
0 0 0 9 0 
0 0 0 31 0 
END
31 0 0 15 15 
31 31 0 0 6 
31 31 0 0 31 
31 0 0 1 31 
0 31 0 0 0 
END
6 0 0 0 6 
12 14 10 31 31 
0 0 7 0 0 
11 0 31 11 0 
0 0 10 31 0 
END
0 9 0 31 31 
0 0 0 8 14 
31 0 0 31 0 
31 2 0 31 3 
0 0 0 12 0 
END
31 12 11 0 13 
14 0 0 0 0 
0 0 31 3 0 
0 7 31 0 31 
9 0 7 0 0 
END
9 0 0 0 6 
0 0 0 31 31 
0 0 13 31 31 
0 14 14 5 0 
0 0 31 0 31 
END
0 0 0 9 0 
0 0 31 31 0 
0 0 31 31 31 
31 0 13 3 7 
15 0 0 0 14 
END
13 0 31 31 0 
0 14 31 0 0 
31 31 0 0 31 
31 0 0 0 2 
0 2 0 6 31 
END
31 0 0 0 0 
31 31 31 0 31 
31 0 14 31 3 
10 0 0 0 31 
0 0 0 31 31 
END
10 0 2 31 14 
0 0 31 0 0 
0 31 0 31 0 
0 5 0 31 3 
0 31 0 0 5 
END
0 0 31 0 0 
12 10 0 31 0 
0 14 0 31 12 
31 11 0 31 0 
0 31 0 0 31 
END
0 31 10 31 13 
1 0 13 0 0 
0 31 0 31 0 
11 0 14 0 0 
0 31 31 0 0 
END
0 2 0 0 0 
3 13 0 0 0 
14 0 11 0 0 
0 31 31 31 0 
31 31 31 31 31 
END
31 0 8 0 0 
9 1 0 31 0 
0 0 4 0 0 
31 1 0 14 31 
0 31 0 15 0 
END
0 12 0 14 31 
0 0 2 0 0 
31 0 0 31 10 
0 0 12 6 11 
0 9 0 1 0 
END
4 0 4 0 13 
0 0 0 31 0 
1 15 0 13 31 
14 0 31 0 0 
31 12 0 0 0 
END
0 0 31 13 13 
31 31 0 0 0 
31 10 0 31 0 
0 31 0 0 0 
11 0 13 31 9 
END
0 31 31 31 0 
0 31 0 31 0 
31 0 0 31 0 
0 31 31 31 0 
4 31 0 10 0 
END
0 0 0 31 0 
3 0 14 3 0 
0 0 0 0 31 
0 31 31 31 31 
31 7 0 0 10 
END
31 5 0 0 0 
0 0 0 31 31 
31 0 31 31 0 
31 0 31 10 0 
0 31 31 0 0 
END
0 0 0 31 1 
13 0 0 31 0 
0 31 0 31 0 
0 31 4 0 31 
31 14 31 31 0 
END
31 0 0 31 0 
0 31 0 31 0 
31 13 13 0 31 
9 31 0 9 0 
0 0 0 0 31 
END
0 0 31 0 0 
4 31 0 0 0 
2 0 31 0 0 
0 8 0 5 31 
0 7 6 31 31 
END
0 4 6 31 0 
0 31 31 0 0 
15 31 31 0 0 
31 31 31 0 10 
0 0 13 0 0 
END
31 10 31 0 0 
31 12 2 0 0 
0 0 31 0 6 
0 0 31 0 31 
9 5 31 0 0 
END
0 0 0 31 0 
0 0 6 0 31 
11 31 15 0 0 
0 11 0 0 0 
31 11 8 13 31 
END
12 6 9 3 0 
0 0 0 0 0 
31 10 31 0 8 
4 0 0 3 0 
0 0 9 31 0 
END
31 8 0 0 0 
31 31 13 0 0 
0 0 31 13 0 
0 0 11 0 31 
7 31 0 0 31 
END
2 0 0 31 0 
0 0 31 31 0 
0 12 31 31 1 
0 31 0 0 0 
31 14 0 31 0 
END
5 0 31 5 3 
0 2 0 3 0 
12 31 31 0 0 
0 0 13 31 0 
0 31 31 0 0 
END
0 0 31 0 7 
6 0 31 13 0 
1 31 0 0 3 
0 31 0 2 0 
8 0 31 0 0 
END
0 0 31 0 31 
0 31 5 0 31 
0 15 31 0 4 
31 31 11 0 0 
31 0 0 0 0 
END
31 31 31 8 31 
0 31 13 31 0 
31 0 0 0 11 
31 0 0 0 0 
0 0 0 0 2 
END
13 31 31 0 11 
31 0 11 0 0 
0 31 0 0 31 
0 2 31 9 2 
31 0 0 0 0 
END
31 31 13 31 7 
0 31 31 0 0 
0 0 0 0 0 
0 0 6 0 31 
0 0 31 12 31 
END
31 0 8 0 31 
0 0 0 15 4 
0 31 9 31 3 
0 9 0 0 0 
0 31 0 0 2 
END
31 0 0 31 0 
31 31 0 12 0 
0 0 6 0 0 
1 0 31 7 1 
0 15 9 0 8 
END
0 0 0 31 31 
0 31 0 0 0 
0 15 10 0 0 
14 13 31 0 31 
31 11 11 0 0 
END
31 0 4 31 10 
31 0 10 0 0 
31 0 0 31 0 
31 0 0 0 31 
0 9 31 31 0 
END
0 13 31 31 31 
0 31 31 0 0 
0 0 10 10 0 
12 31 0 0 0 
31 0 15 0 31 
END
31 0 0 31 0 
31 11 31 31 0 
31 0 0 0 0 
0 31 31 31 31 
0 31 0 0 13 
END
31 31 31 0 14 
0 0 31 0 0 
0 0 12 31 0 
13 3 14 0 0 
31 0 0 31 0 
END
0 0 12 13 0 
31 11 31 11 0 
0 0 31 0 0 
31 31 0 31 31 
5 0 0 31 0 
END
0 0 0 0 31 
15 31 31 31 0 
0 0 0 0 0 
0 31 13 31 8 
0 31 0 10 31 
END
12 0 1 0 0 
12 0 0 0 0 
31 0 31 31 0 
15 0 0 31 31 
31 31 31 31 0 
END
31 0 31 11 15 
12 0 31 0 31 
0 0 0 31 0 
31 31 0 0 0 
0 0 31 0 2 
END
11 31 31 31 0 
0 0 31 0 31 
0 31 0 31 31 
31 31 0 0 31 
9 0 0 0 0 
END
0 0 31 31 31 
31 0 0 31 0 
31 0 0 31 0 
0 31 9 31 31 
10 0 0 31 0 
END
0 0 0 3 0 
8 7 0 0 0 
4 5 3 31 0 
0 0 0 0 31 
2 6 10 31 31 
END
0 0 0 9 15 
0 0 13 31 0 
31 3 10 0 31 
7 0 15 0 10 
31 0 0 31 0 
END
0 0 14 0 0 
31 7 9 11 0 
10 31 0 14 0 
0 0 0 0 31 
10 0 0 31 31 
END
0 31 0 0 0 
0 0 3 0 31 
0 31 31 31 0 
0 9 9 31 0 
31 0 31 0 9 
END
8 0 0 1 0 
0 0 0 31 0 
15 11 31 4 11 
0 0 0 0 31 
3 31 0 31 0 
END
0 0 31 0 31 
31 8 0 0 3 
0 0 9 1 8 
0 31 0 31 14 
3 8 0 0 0 
END
0 0 31 0 0 
11 31 11 0 0 
31 0 31 31 0 
31 15 0 0 0 
0 5 0 13 31 
END
0 31 9 31 0 
0 0 0 12 0 
31 0 31 31 15 
5 11 0 0 9 
0 0 31 0 31 
END
14 31 0 2 4 
31 10 0 0 0 
0 3 0 0 0 
0 7 0 10 0 
0 0 31 31 13 
END
0 31 31 31 31 
0 8 2 0 0 
15 0 0 0 0 
31 31 0 0 31 
31 0 10 0 31 
END
0 6 0 31 31 
9 0 0 0 31 
0 31 0 0 31 
0 31 31 31 0 
0 13 0 15 0 
END
0 0 31 9 0 
0 0 31 0 0 
31 5 11 31 31 
0 2 0 0 31 
12 0 9 0 0 
END
31 31 0 6 0 
31 0 0 0 0 
31 15 31 31 31 
0 31 0 0 31 
31 31 0 0 0 
END
2 31 8 0 31 
0 0 0 0 0 
0 0 31 12 0 
31 14 0 0 31 
0 11 31 1 31 
END
31 0 0 31 0 
3 31 0 0 0 
31 0 0 0 31 
5 15 0 31 0 
4 31 0 0 13 
END
0 31 31 0 10 
0 0 31 0 31 
31 0 31 0 31 
0 31 0 0 31 
0 0 31 0 1 
END
13 31 31 0 0 
0 0 31 31 31 
31 31 31 0 31 
0 0 12 0 0 
0 0 1 0 0 
END
0 0 0 0 0 
7 31 0 0 13 
31 31 0 31 0 
31 31 31 0 31 
31 0 0 0 13 
END
0 0 0 0 0 
31 13 0 0 0 
31 0 12 0 31 
0 3 0 31 1 
0 4 31 31 31 
END
0 31 0 15 0 
0 0 0 6 0 
31 31 12 0 31 
0 0 31 0 31 
31 31 0 0 8 
END
31 0 0 0 5 
31 5 0 31 0 
0 31 31 0 31 
31 0 0 0 0 
31 0 11 31 1 
END
3 31 0 31 31 
0 0 0 31 15 
0 11 31 0 0 
0 3 0 0 31 
31 31 0 0 31 
END
12 0 0 0 31 
31 0 0 31 0 
31 11 0 31 0 
0 10 0 0 0 
31 13 31 0 10 
END
31 31 0 0 7 
0 0 0 31 0 
3 0 0 0 0 
0 31 8 15 0 
0 10 31 12 11 
END
15 14 0 0 0 
10 6 0 0 31 
31 31 8 12 31 
31 0 31 0 10 
0 0 0 0 0 
END
0 0 31 0 0 
31 0 0 0 13 
31 0 10 2 0 
2 0 11 0 31 
0 31 0 31 31 
END
0 31 31 12 31 
31 31 31 31 0 
0 0 0 2 31 
31 0 0 31 0 
0 12 0 0 0 
END
0 0 31 0 0 
13 0 0 13 31 
0 0 0 14 15 
11 0 9 13 31 
0 31 11 0 31 
END
31 12 7 31 3 
0 15 0 0 0 
10 31 12 0 0 
0 0 12 31 0 
13 31 0 0 0 
END
31 0 0 0 0 
9 1 0 31 15 
0 0 0 0 31 
31 31 31 11 0 
31 0 0 0 10 
END
0 31 0 10 0 
31 0 31 0 31 
0 0 0 31 9 
31 31 0 0 31 
0 0 0 31 15 
END
0 7 0 31 0 
31 0 0 0 31 
0 0 8 2 0 
31 5 0 0 31 
12 31 0 0 9 
END
0 31 5 0 31 
0 0 0 0 31 
0 5 31 31 15 
12 0 0 0 31 
31 0 7 6 0 
END
0 0 31 0 0 
4 9 31 13 0 
0 0 0 31 0 
31 31 31 31 0 
0 31 31 0 0 
END
11 31 2 0 0 
0 31 15 0 0 
0 0 0 0 31 
0 11 31 31 4 
0 14 7 0 7 
END
9 0 2 0 8 
2 0 31 31 2 
0 6 0 31 0 
0 2 0 0 11 
1 0 0 0 6 
END
31 0 31 9 9 
0 31 0 5 10 
2 0 0 0 31 
0 4 31 0 31 
0 0 31 0 0 
END
1 0 31 31 13 
0 10 31 0 31 
0 0 0 0 31 
31 31 0 11 9 
0 5 0 0 0 
END
0 0 0 0 9 
12 1 31 0 31 
1 31 31 0 0 
0 0 31 0 31 
31 0 31 0 13 
END
0 31 31 0 13 
0 0 0 31 31 
31 0 31 0 0 
31 0 0 31 0 
5 0 12 31 4 
END
9 0 9 3 0 
0 0 0 0 31 
31 9 31 31 0 
0 0 0 31 0 
0 8 31 31 0 
END
31 31 31 0 0 
0 0 0 31 31 
31 31 0 0 0 
31 31 6 0 0 
0 31 4 0 0 
END
8 0 31 0 31 
31 31 0 31 31 
0 0 0 31 0 
31 0 0 31 0 
0 0 0 10 4 
END
0 3 0 0 31 
0 31 0 0 31 
31 31 15 31 31 
0 2 0 0 31 
0 0 0 15 11 
END
0 0 0 9 31 
7 0 0 0 0 
0 31 31 0 31 
31 0 12 31 31 
0 0 9 31 31 
END
0 31 0 0 0 
0 0 0 0 0 
0 31 31 31 0 
31 3 7 10 14 
31 31 0 31 0 
END
9 0 9 0 31 
31 0 0 31 2 
6 0 0 0 12 
31 0 0 31 31 
0 31 0 31 0 
END
31 0 0 15 0 
11 0 0 31 0 
0 31 31 31 0 
0 31 31 0 0 
31 15 31 0 0 
END
31 9 0 5 0 
31 15 31 0 0 
0 0 0 1 0 
0 31 31 0 31 
0 31 15 0 0 
END
0 0 0 0 0 
12 6 31 31 9 
13 31 31 10 0 
0 9 0 0 31 
0 12 31 0 0 
END
0 31 6 0 14 
0 0 0 31 0 
31 14 0 31 31 
0 31 31 0 0 
0 0 0 31 12 
END
31 0 31 31 0 
31 0 0 0 0 
31 31 0 0 31 
0 0 31 9 14 
0 31 14 0 3 
END
0 0 0 0 0 
31 0 31 14 2 
31 15 31 14 0 
9 0 31 31 31 
0 0 0 0 0 
END
12 31 31 0 0 
12 0 0 0 0 
31 13 31 0 0 
31 31 0 0 0 
31 15 0 31 0 
END
31 0 0 0 0 
6 0 31 15 31 
0 0 6 31 31 
31 0 31 0 0 
0 0 31 0 10 
END
0 0 0 31 31 
31 31 31 6 0 
0 31 31 0 0 
0 0 0 31 2 
12 0 15 0 0 
END
5 0 31 31 10 
31 0 31 0 0 
31 0 31 31 0 
31 0 0 31 0 
0 0 31 0 11 
END
11 0 0 6 0 
0 0 8 9 0 
31 0 31 0 15 
31 13 31 0 0 
0 0 0 31 6 
END
0 0 10 0 0 
31 31 0 0 10 
31 0 0 0 13 
0 2 31 31 31 
0 31 31 31 0 
END
12 0 12 0 0 
0 31 0 0 0 
3 0 0 0 31 
0 31 31 31 31 
31 0 31 0 31 
END
8 0 31 0 0 
31 31 0 31 0 
31 31 0 31 31 
31 12 0 0 0 
31 0 31 0 0 
END
5 8 31 31 0 
9 0 0 0 31 
31 0 0 0 14 
0 0 0 0 0 
0 11 31 31 13 
END
31 0 0 11 11 
0 0 0 7 5 
0 0 11 0 0 
0 4 31 31 0 
31 0 31 0 10 
END
31 0 31 0 31 
0 0 31 31 0 
0 31 15 0 0 
0 0 31 31 31 
0 0 0 11 14 
END
31 0 0 31 0 
9 13 0 31 0 
14 0 0 0 0 
11 0 0 31 31 
31 0 0 4 13 
END
0 0 31 6 0 
31 31 5 0 31 
0 31 31 0 0 
31 0 15 0 14 
31 0 0 0 0 
END
0 0 0 0 0 
4 0 6 10 13 
0 13 0 0 0 
31 0 31 1 0 
3 31 12 31 31 
END
0 3 31 31 0 
0 31 0 0 31 
0 0 0 3 0 
31 0 31 11 0 
31 0 0 7 14 
END
0 0 31 0 0 
0 31 5 0 0 
31 0 3 3 0 
1 1 31 8 0 
0 31 15 31 0 
END
31 12 0 0 0 
9 31 0 0 0 
31 31 31 0 0 
0 0 9 0 31 
10 10 31 2 0 
END
0 31 0 0 0 
0 0 11 0 31 
0 31 0 31 31 
0 31 31 31 0 
31 0 0 31 31 
END
0 31 0 0 0 
31 0 0 0 0 
31 0 31 31 9 
0 2 0 11 13 
3 0 31 31 0 
END
0 0 13 31 31 
0 0 0 13 0 
0 13 0 31 0 
0 11 11 0 31 
31 0 2 6 31 
END
0 0 0 11 0 
31 8 31 0 0 
12 31 31 31 0 
0 31 31 0 9 
0 0 12 0 0 
END
0 5 13 0 0 
14 31 0 4 14 
0 0 0 0 0 
0 31 31 31 0 
31 0 0 31 31 
END
31 0 31 31 31 
31 0 31 31 0 
0 0 0 31 0 
0 0 0 31 0 
31 31 7 0 31 
END
0 0 31 11 0 
31 0 0 2 31 
0 0 0 0 31 
0 4 31 13 0 
31 10 0 0 31 
END
0 0 9 0 0 
7 31 31 0 15 
15 2 0 31 0 
31 31 0 0 0 
6 0 0 31 31 
END
11 31 31 0 5 
0 31 0 14 31 
9 0 31 0 0 
0 0 5 0 0 
0 5 0 31 31 
END
14 0 0 0 31 
0 6 0 31 31 
0 8 31 31 31 
7 14 0 4 0 
0 0 0 31 0 
END
0 0 7 0 1 
31 4 31 31 14 
10 0 0 14 0 
0 0 0 0 12 
31 0 0 0 14 
END
0 0 0 0 31 
14 0 0 0 0 
31 0 31 1 0 
31 31 0 11 31 
31 9 0 12 10 
END
0 31 31 10 31 
15 31 31 31 0 
0 31 0 0 0 
0 6 0 0 31 
0 0 31 0 31 
END
31 0 31 0 0 
6 31 0 0 31 
0 0 31 7 31 
14 7 31 0 0 
13 0 0 31 0 
END
13 0 7 0 0 
0 31 31 0 0 
15 0 0 0 31 
31 0 31 0 31 
0 31 14 31 15 
END
0 31 0 0 31 
0 0 31 0 0 
4 31 31 8 0 
31 0 31 15 0 
31 0 9 0 0 
END
0 13 31 0 0 
0 0 0 14 0 
31 0 31 31 0 
5 31 3 0 31 
0 31 6 31 0 
END
31 11 31 31 0 
12 13 31 0 0 
0 8 31 0 31 
0 0 15 0 31 
0 7 0 0 0 
END
31 31 8 12 0 
13 0 0 31 0 
31 0 0 0 31 
11 0 0 12 31 
0 9 0 0 0 
END
14 0 0 31 0 
9 13 0 31 31 
0 0 0 31 9 
0 14 31 0 0 
0 13 0 3 9 
END
0 3 12 0 31 
0 31 10 31 0 
0 0 31 0 0 
15 0 31 31 31 
0 0 31 0 31 
END
0 31 0 0 31 
31 0 31 0 13 
12 31 10 0 0 
31 0 31 1 0 
0 0 4 0 11 
END
31 12 0 0 31 
5 0 10 0 0 
12 31 0 0 31 
0 0 12 31 0 
31 12 8 0 0 
END
0 31 12 31 0 
0 0 0 31 31 
31 0 31 0 0 
31 13 0 0 31 
0 31 31 0 5 
END
0 11 31 10 31 
0 0 7 0 31 
9 0 0 31 13 
31 13 0 0 0 
0 0 31 15 0 
END
0 31 0 0 31 
0 0 31 0 0 
31 0 0 31 0 
31 14 0 14 31 
31 0 31 3 31 
END
0 0 0 0 31 
0 0 0 31 31 
31 0 0 31 31 
0 31 31 31 0 
2 31 0 0 11 
END
31 0 0 0 0 
0 31 31 31 0 
5 31 31 31 0 
0 12 13 14 0 
0 31 0 0 0 
END
0 0 0 0 0 
31 9 0 0 0 
31 15 0 0 31 
31 31 3 1 0 
0 31 31 31 0 
END
0 0 31 13 7 
0 9 31 15 31 
0 0 10 0 31 
0 10 0 31 12 
0 31 0 0 0 
END
0 31 31 14 31 
9 31 3 31 0 
0 0 0 0 11 
0 0 0 31 31 
4 0 0 0 10 
END
0 0 0 31 0 
31 31 31 0 0 
12 31 31 31 31 
0 0 3 0 0 
4 0 31 0 31 
END
0 0 0 0 0 
31 31 0 31 31 
31 31 0 5 0 
9 31 3 0 0 
31 0 31 0 31 
END
1 31 0 0 0 
0 0 31 0 0 
31 15 31 1 0 
0 0 15 3 0 
0 14 13 31 0 
END
31 31 10 0 31 
31 0 0 0 0 
0 0 12 31 8 
0 31 0 31 0 
0 15 0 31 14 
END
0 31 12 0 31 
0 0 0 1 2 
0 0 31 6 0 
0 31 9 0 2 
31 31 0 31 0 
END
4 31 31 31 0 
0 0 0 0 0 
0 0 31 0 31 
31 31 0 13 10 
0 31 0 0 11 
END
0 13 11 31 0 
31 0 0 0 0 
0 0 31 31 31 
0 0 31 31 15 
31 31 31 0 0 
END
0 31 0 31 31 
31 31 15 0 0 
0 3 31 0 31 
31 0 0 31 0 
0 0 0 31 5 
END
0 0 0 31 11 
6 11 0 31 31 
10 0 9 0 0 
2 0 15 0 0 
31 0 0 31 0 
END
15 31 31 0 11 
0 0 0 10 8 
0 31 0 0 0 
0 31 0 1 0 
5 0 4 5 31 
END
2 31 6 7 0 
12 0 10 9 0 
0 0 4 0 0 
7 0 0 4 2 
31 0 0 0 13 
END
31 31 31 0 31 
0 0 2 0 0 
0 12 7 31 0 
12 8 31 0 14 
0 0 0 0 31 
END
31 0 31 31 0 
31 1 31 0 0 
0 0 0 0 0 
0 0 0 15 11 
14 0 14 13 31 
END
31 0 0 0 4 
5 0 31 4 13 
0 0 10 31 0 
0 10 31 0 0 
0 0 2 31 12 
END
0 12 10 31 0 
0 31 0 0 0 
7 31 31 0 0 
14 0 14 31 8 
31 0 0 1 0 
END
31 31 0 0 0 
31 15 7 0 14 
11 0 0 31 4 
31 0 0 0 31 
31 0 0 0 31 
END
0 0 31 0 31 
0 10 0 0 15 
11 31 0 31 10 
31 0 0 7 31 
0 0 31 0 31 
END
0 2 31 0 0 
0 4 0 31 31 
0 0 0 31 31 
0 15 0 0 31 
1 0 4 10 0 
END
0 0 0 0 0 
4 0 31 31 0 
3 0 0 0 0 
0 13 31 31 31 
10 31 0 14 31 
END
0 0 0 0 0 
4 31 31 0 0 
12 0 0 14 0 
6 31 31 10 15 
31 0 0 31 0 
END
10 0 31 0 5 
0 31 0 0 13 
6 0 0 0 0 
5 9 0 0 0 
6 31 31 13 31 
END
0 15 0 31 9 
31 3 0 8 0 
0 31 0 31 0 
14 0 0 0 31 
10 31 0 0 0 
END
0 0 31 31 9 
15 31 0 0 10 
0 0 0 31 31 
31 0 31 13 0 
14 0 0 0 31 
END
12 0 0 31 31 
15 31 0 31 0 
0 31 31 0 0 
0 9 0 31 0 
0 12 8 31 0 
END
12 0 0 7 9 
0 31 0 0 7 
31 0 0 0 0 
2 14 31 31 0 
0 0 31 31 31 
END
10 0 15 0 0 
31 14 0 0 0 
0 6 15 0 13 
31 0 12 31 0 
0 0 11 0 7 
END
0 14 0 0 0 
31 31 0 0 0 
31 0 31 0 0 
31 31 0 31 13 
13 31 8 31 0 
END
31 0 0 13 0 
1 12 13 0 12 
0 0 0 31 0 
0 3 31 31 0 
2 0 0 31 0 
END
5 0 0 31 31 
0 31 0 10 0 
0 13 6 0 0 
31 0 31 0 31 
0 0 9 12 0 
END
10 31 0 0 31 
31 0 0 31 31 
0 5 31 0 0 
15 31 0 0 0 
14 15 0 0 0 
END
31 0 31 31 0 
0 0 15 31 13 
0 0 0 31 31 
31 0 0 31 31 
0 31 0 0 0 
END
0 2 1 14 31 
31 0 0 31 12 
0 0 0 0 0 
0 10 1 0 0 
31 0 14 1 0 
END
31 0 31 0 31 
0 0 0 31 0 
31 31 31 1 31 
0 0 0 31 0 
0 13 0 0 31 
END
11 31 31 0 5 
31 0 31 31 0 
31 0 0 14 0 
0 0 0 15 1 
0 0 31 0 31 
END
0 0 0 8 31 
15 31 0 0 31 
31 0 31 31 5 
0 31 0 31 0 
0 11 0 0 31 
END
0 31 31 9 6 
0 0 0 31 0 
0 0 31 0 0 
31 13 0 0 31 
14 0 31 31 10 
END
0 0 31 9 0 
0 0 15 12 0 
2 0 0 0 0 
13 31 31 0 0 
31 0 1 10 31 
END
31 31 0 0 0 
0 31 10 15 0 
31 31 0 0 31 
0 0 0 11 31 
0 11 0 11 31 
END
0 31 31 0 31 
0 0 0 14 0 
6 13 31 0 13 
9 4 31 0 0 
31 0 0 0 31 
END
0 31 0 0 31 
31 31 0 0 5 
9 0 0 0 2 
0 31 4 0 0 
31 6 8 0 0 
END
31 0 10 10 0 
0 0 0 0 31 
31 31 0 0 31 
12 0 31 0 31 
0 0 31 31 0 
END
0 0 31 0 0 
12 31 0 31 0 
0 31 0 31 31 
0 31 0 31 14 
31 3 0 31 0 
END
31 0 31 0 0 
31 31 31 0 6 
0 12 9 0 0 
31 0 0 31 0 
0 0 10 0 31 
END
31 0 0 0 0 
0 0 10 31 31 
0 31 13 10 0 
31 0 0 31 31 
0 10 0 0 7 
END
0 0 0 0 0 
31 14 0 13 31 
0 0 0 31 31 
31 0 11 0 6 
31 31 0 31 31 
END
0 0 0 31 31 
31 0 0 31 0 
31 0 0 31 31 
31 0 0 31 0 
31 0 3 0 11 
END
31 0 0 31 0 
31 3 31 11 31 
14 0 9 31 2 
0 0 0 0 0 
0 31 0 0 11 
END
3 10 31 31 0 
0 31 31 0 0 
0 31 9 31 0 
0 0 31 0 0 
31 13 0 0 0 
END
0 31 0 2 14 
0 0 0 31 0 
0 6 0 14 31 
12 13 0 15 31 
31 0 0 0 0 
END
14 0 11 13 9 
31 31 0 5 0 
31 5 8 0 15 
0 0 31 0 0 
0 0 11 0 0 
END
31 31 31 6 1 
15 31 0 0 0 
31 31 0 31 0 
31 0 0 31 0 
0 0 0 3 0 
END
0 1 31 0 0 
31 0 1 0 13 
0 11 0 6 0 
9 31 0 0 0 
31 31 31 0 0 
END
31 0 0 0 0 
0 11 0 31 0 
0 31 0 31 10 
12 31 0 0 11 
31 0 9 0 5 
END
0 0 31 0 0 
0 31 31 31 31 
31 0 31 31 0 
31 0 0 0 0 
0 31 0 31 31 
END
0 0 0 31 8 
0 0 14 0 0 
31 0 0 31 1 
3 9 0 31 0 
31 31 12 0 4 
END
0 0 0 31 0 
0 0 13 31 9 
0 12 31 0 15 
13 0 0 0 31 
15 0 10 0 14 
END
31 0 0 11 1 
0 0 0 0 0 
0 5 31 31 12 
0 0 0 11 0 
31 0 4 9 10 
END
0 31 0 31 6 
5 4 0 31 0 
0 11 31 5 31 
11 0 0 12 31 
0 0 0 0 0 
END
0 2 0 0 0 
0 0 0 0 14 
10 0 9 13 0 
0 31 6 13 13 
0 0 31 31 13 
END
31 31 0 31 0 
31 1 0 0 0 
0 0 0 0 0 
0 8 31 31 13 
13 9 0 31 31 
END
0 0 0 2 31 
31 12 15 31 0 
13 31 0 31 0 
0 0 31 0 0 
0 5 0 31 9 
END
0 0 31 0 0 
31 4 0 0 0 
6 0 31 0 31 
0 31 31 11 31 
0 31 31 0 0 
END
31 31 31 0 0 
31 31 0 0 31 
0 0 31 0 0 
0 7 31 12 6 
0 0 13 31 0 
END
9 0 0 13 11 
31 0 0 0 0 
0 12 31 0 5 
0 31 0 0 0 
31 31 14 0 12 
END
0 13 13 0 31 
8 0 0 31 0 
0 0 7 0 10 
0 0 0 31 6 
31 31 31 0 0 
END
0 10 0 0 0 
0 31 0 15 15 
31 0 31 31 0 
31 8 31 0 0 
0 0 31 11 0 
END
11 0 0 0 31 
0 12 8 0 11 
0 0 0 31 0 
31 14 31 12 0 
0 31 0 0 31 
END
0 0 9 31 0 
0 1 14 31 0 
31 0 14 31 10 
31 0 0 0 0 
31 0 0 31 0 
END
0 31 0 13 31 
5 31 14 0 12 
0 0 0 9 0 
0 0 0 0 31 
11 31 0 8 0 
END
15 0 10 0 0 
0 31 15 3 31 
31 0 31 3 31 
31 31 0 0 0 
0 0 1 0 0 
END
0 0 13 31 5 
15 0 0 0 1 
11 0 31 31 31 
0 0 31 0 0 
0 31 0 0 31 
END
5 31 9 0 31 
31 13 31 0 0 
0 0 31 0 8 
0 0 0 31 0 
31 0 9 0 31 
END
8 13 31 0 0 
0 0 12 31 0 
31 0 0 9 0 
10 31 0 31 0 
0 31 11 15 0 
END
0 31 0 0 31 
14 0 2 31 31 
31 31 12 0 12 
0 0 0 10 4 
0 0 0 0 31 
END
9 0 0 0 0 
0 0 31 0 0 
31 14 31 31 0 
31 13 0 31 9 
9 4 31 0 0 
END
0 0 0 0 31 
0 31 0 0 3 
0 11 31 31 31 
6 31 0 0 31 
31 31 0 0 0 
END
0 0 0 0 7 
0 31 0 31 0 
31 0 8 0 13 
1 12 31 31 31 
15 0 0 9 0 
END
31 0 0 0 31 
0 31 10 0 5 
0 0 0 3 31 
31 13 0 31 0 
3 0 0 8 0 
END
0 0 11 31 0 
0 0 0 0 31 
0 31 7 0 31 
6 0 9 31 9 
0 0 0 14 12 
END
0 0 0 2 0 
31 12 0 2 31 
0 31 31 31 0 
0 0 0 13 0 
31 8 31 0 0 
END
0 0 31 1 0 
9 31 0 6 8 
0 14 31 0 31 
0 1 0 15 0 
0 0 31 0 0 
END
0 31 4 0 0 
0 1 15 0 6 
0 10 0 31 31 
31 0 1 0 0 
0 31 0 10 0 
END
31 0 31 0 0 
0 0 31 0 0 
0 31 0 11 1 
9 10 12 5 31 
31 31 0 0 0 
END
0 0 0 31 0 
31 0 15 0 0 
9 11 11 31 31 
0 31 0 31 31 
31 0 31 0 0 
END
0 0 0 12 31 
15 31 4 31 31 
31 0 14 0 0 
12 13 0 0 31 
0 0 0 0 0 
END
0 31 0 0 31 
31 0 31 0 11 
31 9 5 0 31 
0 31 31 0 31 
0 0 0 0 9 
END
0 15 31 0 10 
31 31 1 31 0 
31 0 31 0 0 
31 0 0 0 0 
13 0 12 0 11 
END
0 10 31 0 14 
0 0 31 0 0 
31 12 0 10 0 
0 31 0 31 31 
0 14 0 31 31 
END
14 0 31 31 0 
0 0 0 0 11 
31 0 31 0 0 
0 31 0 0 5 
14 31 15 0 31 
END
0 8 0 0 0 
31 5 31 0 0 
0 31 31 0 31 
0 31 15 0 0 
9 0 0 31 9 
END
0 3 0 8 31 
0 31 31 0 31 
0 0 0 31 5 
31 0 0 31 15 
31 15 0 0 0 
END
0 31 0 10 31 
15 0 0 0 0 
0 31 0 6 31 
31 0 0 0 31 
0 31 0 6 31 
END
0 31 0 0 15 
11 0 0 11 31 
0 0 0 2 31 
0 0 11 31 31 
0 31 14 0 31 
END
15 0 0 0 12 
0 0 15 10 31 
0 0 31 31 0 
31 0 0 31 0 
9 0 31 31 0 
END
31 9 31 0 9 
0 31 31 0 0 
0 0 31 31 0 
0 0 31 13 31 
0 0 0 31 7 
END
0 0 31 0 0 
0 0 3 1 31 
31 11 6 0 0 
31 31 15 31 12 
0 0 11 0 0 
END
0 0 0 0 31 
31 4 0 31 31 
0 0 0 0 0 
31 31 31 0 0 
11 31 9 31 0 
END
31 0 0 0 31 
0 31 0 0 31 
0 31 0 0 0 
1 31 0 13 31 
0 13 5 15 31 
END
0 0 31 15 0 
31 0 7 31 4 
12 0 0 10 31 
5 0 0 31 0 
0 0 0 11 0 
END
0 31 0 0 15 
11 31 6 0 31 
0 0 31 31 31 
13 15 0 0 0 
0 0 0 0 15 
END
0 14 0 31 0 
31 0 0 0 8 
9 9 31 15 15 
0 0 31 0 31 
0 0 10 0 0 
END
31 0 31 13 0 
0 0 10 31 0 
0 10 14 15 9 
0 0 0 11 0 
31 0 31 0 31 
END
31 0 0 0 11 
14 0 2 31 31 
0 31 0 31 0 
0 31 0 1 0 
31 0 0 1 0 
END
0 13 10 31 31 
31 0 0 0 0 
0 0 31 11 0 
31 31 0 0 12 
0 0 31 31 0 
END
0 0 0 0 0 
31 0 31 0 9 
0 0 11 4 31 
0 0 31 12 31 
0 31 0 31 12 
END
0 31 31 0 31 
0 31 5 31 15 
0 0 0 11 14 
31 0 31 31 0 
0 0 0 0 0 
END
31 0 0 9 0 
0 6 0 31 1 
14 0 0 12 0 
31 12 0 31 31 
31 0 0 11 0 
END
13 31 0 31 1 
0 0 31 0 0 
31 31 0 31 0 
0 31 0 2 3 
0 0 0 0 31 
END
31 0 31 31 0 
0 13 0 0 6 
0 13 6 14 31 
0 8 0 7 0 
12 0 0 0 0 
END
15 31 11 0 0 
31 0 0 31 31 
0 0 0 3 0 
0 31 0 0 31 
31 0 0 31 31 
END
31 0 31 0 31 
2 0 0 31 31 
0 31 31 0 0 
0 31 31 0 0 
0 0 10 31 31 
END
0 12 0 31 14 
0 0 0 9 0 
31 31 0 0 0 
0 31 31 31 4 
0 3 31 0 0 
END
0 9 0 0 0 
0 7 31 0 0 
31 0 31 12 31 
0 13 0 0 0 
31 12 0 31 2 
END
0 0 0 11 0 
9 31 0 0 4 
31 31 0 31 31 
0 0 0 0 31 
12 31 11 0 0 
END
14 0 6 1 31 
0 31 10 0 8 
0 10 0 31 31 
0 31 0 0 0 
0 0 31 0 31 
END
0 31 31 0 0 
0 13 31 15 0 
6 31 0 0 0 
5 0 0 0 0 
31 31 31 11 31 
END
31 13 0 0 0 
0 31 0 0 0 
0 0 31 31 10 
10 31 31 0 0 
0 31 31 31 0 
END
4 0 11 31 0 
11 8 6 0 0 
14 0 0 0 0 
0 6 0 31 0 
31 0 31 11 0 
END
0 31 15 0 0 
31 0 31 0 0 
8 0 31 8 0 
0 31 31 31 0 
31 31 0 0 1 
END
31 0 12 0 0 
0 31 0 0 31 
31 31 11 13 0 
0 0 31 0 0 
0 15 31 31 0 
END
9 0 0 0 31 
0 31 0 0 0 
0 31 31 0 0 
0 31 31 0 31 
3 0 31 31 31 
END
31 9 31 31 0 
31 0 11 0 14 
31 0 0 9 0 
31 13 0 0 31 
0 0 31 0 0 
END
0 0 14 31 0 
0 0 0 0 31 
0 31 0 31 31 
0 31 31 31 15 
31 0 6 0 11 
END
0 3 1 8 0 
31 0 0 31 31 
31 31 0 0 31 
31 6 4 0 0 
0 0 0 0 31 
END
0 0 31 9 0 
0 0 31 0 0 
31 0 31 0 11 
0 31 0 0 13 
9 31 31 31 11 
END
31 31 0 31 31 
31 0 31 31 0 
31 14 0 0 0 
0 0 0 0 3 
0 0 7 0 3 
END
11 0 31 5 0 
0 31 0 0 0 
13 0 31 0 0 
0 0 11 31 0 
9 31 31 0 31 
END
31 0 10 0 31 
11 0 9 1 15 
0 31 0 0 31 
0 0 0 7 0 
31 31 0 31 0 
END
14 0 31 0 0 
31 0 0 2 0 
0 15 8 3 31 
31 0 31 0 0 
0 5 0 0 31 
END
31 2 0 3 0 
0 31 0 0 31 
12 0 31 0 31 
0 11 8 0 0 
5 13 31 0 0 
END
31 31 0 0 31 
0 31 31 0 0 
1 0 0 31 8 
0 31 0 0 0 
31 10 0 15 31 
END
31 3 0 9 0 
31 4 0 7 0 
31 14 0 0 0 
0 4 31 31 0 
1 0 0 10 0 
END
31 0 0 0 0 
0 0 6 4 0 
31 0 0 31 0 
31 9 31 31 0 
15 31 0 0 13 
END
3 0 31 31 0 
13 31 0 0 31 
0 0 31 0 0 
0 0 15 31 31 
0 7 31 0 31 
END
31 0 0 31 0 
0 10 9 13 13 
31 31 12 0 0 
0 0 31 31 0 
0 0 31 0 0 
END
0 31 31 2 0 
31 31 15 9 0 
0 0 1 0 14 
0 0 0 0 0 
31 0 31 0 31 
END
0 31 31 0 0 
31 11 31 31 2 
0 0 12 0 15 
0 31 0 14 0 
0 0 0 7 11 
END
0 9 31 0 11 
15 0 0 31 0 
0 31 0 0 31 
0 2 11 31 0 
11 31 0 0 31 
END
0 8 6 31 14 
0 0 0 0 0 
13 13 4 0 0 
0 0 0 31 31 
4 31 6 0 31 
END
31 0 31 0 31 
31 31 31 0 31 
0 9 9 31 3 
0 0 31 0 0 
1 0 0 0 0 
END
0 31 10 0 0 
10 0 0 31 31 
31 31 0 2 11 
0 9 0 0 0 
31 0 31 0 0 
END
0 0 0 31 13 
0 2 0 31 0 
31 5 0 0 0 
0 11 1 31 31 
0 31 0 31 0 
END
0 14 31 0 12 
14 1 0 0 9 
8 31 0 31 1 
0 0 0 0 5 
0 31 0 0 31 
END
8 12 31 2 0 
0 0 0 0 31 
31 31 0 0 0 
31 0 0 4 15 
31 2 0 0 0 
END
0 3 31 0 0 
31 31 13 31 0 
0 0 0 0 7 
0 5 31 0 0 
0 31 31 0 9 
END
0 31 0 31 31 
14 31 0 0 0 
0 0 0 0 15 
3 31 0 0 31 
11 3 31 0 31 
END
31 5 31 31 13 
6 0 31 0 0 
0 0 0 31 31 
31 0 13 0 0 
0 31 0 0 1 
END
12 0 7 15 0 
0 0 3 31 0 
0 0 3 0 7 
15 31 31 0 31 
31 0 0 0 0 
END
15 0 31 0 0 
14 31 31 0 7 
31 0 31 31 10 
0 11 0 0 0 
0 10 0 0 7 
END
0 0 0 31 0 
0 31 0 14 12 
31 0 10 31 0 
0 31 5 0 31 
31 0 0 0 31 
END
0 31 0 31 31 
31 9 0 0 0 
0 0 31 0 31 
0 15 0 31 31 
5 0 31 0 31 
END
31 0 0 0 0 
0 4 0 8 0 
14 31 15 0 31 
0 31 13 0 0 
0 0 13 14 31 
END
0 31 9 31 0 
0 31 14 31 0 
0 0 31 0 0 
31 0 10 0 31 
0 0 0 2 15 
END
31 31 0 31 0 
14 14 0 0 31 
0 0 31 31 31 
0 0 31 31 31 
0 0 0 31 0 
END
31 14 0 0 31 
14 0 0 31 31 
0 0 31 0 31 
0 31 0 5 31 
0 0 0 6 1 
END
0 0 12 0 0 
8 31 12 0 0 
31 0 31 12 8 
0 0 14 0 0 
4 0 0 31 31 
END
2 9 0 31 0 
0 0 31 9 15 
31 9 0 31 31 
0 0 31 0 0 
0 14 31 0 0 
END
31 5 31 0 31 
31 0 31 31 0 
31 31 0 31 0 
0 0 0 0 0 
0 2 0 31 31 
END
0 13 31 0 0 
9 0 0 0 0 
31 7 31 0 31 
31 0 31 0 0 
31 8 31 5 0 
END
31 0 9 31 0 
0 15 0 0 14 
0 31 0 0 0 
0 31 31 31 0 
31 0 0 31 31 
END
0 0 31 31 15 
0 31 0 0 31 
31 1 31 0 0 
0 0 15 31 0 
0 31 2 0 0 
END
0 15 0 0 0 
0 31 3 0 31 
0 31 0 0 14 
31 0 31 31 11 
31 0 0 10 11 
END
31 0 0 0 0 
6 0 0 0 14 
0 0 31 10 0 
31 31 0 15 0 
0 31 4 31 31 
END
0 12 31 31 0 
3 0 0 0 0 
31 0 0 0 9 
8 0 31 31 31 
0 0 15 0 5 
END
14 0 0 31 31 
0 0 31 0 31 
0 31 7 11 0 
0 0 0 10 0 
31 11 0 14 0 
END
0 0 31 0 3 
0 31 0 31 0 
31 0 11 0 0 
31 0 31 10 0 
0 31 31 14 0 
END
0 31 0 31 12 
0 15 31 31 0 
0 31 0 31 0 
31 0 14 0 0 
0 0 9 15 0 
END
0 31 31 13 0 
0 0 0 6 0 
0 0 15 31 0 
0 7 0 0 31 
31 31 7 31 0 
END
0 0 0 0 10 
0 0 0 0 31 
0 0 31 13 5 
0 31 10 31 0 
7 31 31 5 31 
END
0 0 31 31 31 
8 31 31 10 31 
0 0 0 31 0 
31 13 0 0 0 
31 0 31 0 0 
END
0 0 0 31 0 
0 31 8 0 31 
0 31 0 6 13 
0 31 0 6 0 
0 0 31 14 11 
END
0 0 0 0 31 
0 31 0 0 0 
0 31 14 10 0 
31 13 11 11 31 
9 0 0 0 31 
END
0 31 0 0 4 
4 0 2 1 0 
0 31 0 31 31 
1 0 0 8 0 
10 0 12 0 0 
END
0 6 0 31 31 
0 1 0 0 0 
5 31 9 0 0 
13 0 31 31 11 
15 31 0 0 0 
END
31 0 4 31 31 
0 0 0 0 0 
14 31 0 31 0 
0 0 0 0 10 
10 10 13 8 3 
END
31 12 0 0 0 
31 31 0 12 0 
0 0 31 0 31 
31 9 0 9 0 
15 0 13 0 0 
END
0 11 0 0 2 
31 0 0 31 5 
31 0 0 0 6 
31 0 10 0 0 
0 31 31 31 31 
END
4 0 31 0 15 
31 31 12 31 31 
0 31 0 31 0 
0 0 0 0 31 
31 0 0 31 0 
END
0 31 0 0 31 
6 9 12 0 9 
0 31 0 0 14 
0 0 0 31 0 
0 13 11 3 31 
END
0 5 0 31 31 
0 31 0 13 6 
0 0 0 0 4 
0 0 31 31 31 
0 0 31 0 4 
END
31 10 31 0 0 
31 0 0 0 0 
0 31 31 14 31 
31 31 0 0 31 
31 0 0 10 0 
END
31 0 12 0 0 
0 0 12 0 0 
0 31 31 31 31 
31 0 0 0 0 
31 12 11 0 31 
END
31 31 6 0 31 
0 10 0 0 0 
5 0 31 31 31 
0 0 0 0 11 
31 0 0 13 31 
END
31 0 0 0 0 
31 31 31 0 31 
12 0 31 4 0 
31 14 0 0 0 
31 31 13 0 0 
END
0 3 0 0 0 
14 31 0 0 13 
0 31 31 31 31 
31 0 0 0 0 
31 0 0 12 31 
END
9 13 0 0 0 
31 9 31 31 14 
15 31 0 0 0 
31 31 31 0 0 
0 0 0 0 31 
END
0 31 0 0 0 
0 14 0 4 31 
31 0 31 13 31 
31 12 0 0 0 
12 13 0 0 31 
END
0 13 2 0 31 
9 0 15 31 31 
0 0 0 31 31 
31 0 31 0 0 
12 0 31 0 0 
END
31 31 31 31 14 
0 5 9 0 31 
12 0 0 0 0 
0 31 0 0 31 
10 31 0 0 0 
END
31 0 14 15 0 
13 2 0 31 0 
31 0 0 0 10 
0 8 31 3 0 
0 0 0 0 11 
END
31 14 31 0 0 
0 5 0 31 31 
0 5 31 0 9 
1 0 0 0 0 
31 0 0 31 11 
END
0 0 6 0 11 
8 0 0 0 0 
31 8 11 0 31 
0 0 31 31 31 
0 11 0 13 0 
END
0 0 0 31 10 
31 13 0 0 0 
31 0 7 0 0 
0 31 31 11 31 
0 13 12 0 0 
END
0 0 0 1 0 
31 31 0 31 31 
0 0 4 31 31 
0 7 0 0 0 
0 31 0 31 31 
END
0 31 0 31 0 
31 31 9 0 31 
0 31 0 0 1 
12 6 31 0 0 
11 0 0 0 31 
END
0 0 0 0 31 
0 0 31 31 0 
0 31 31 31 15 
31 0 8 10 0 
0 0 0 31 11 
END
0 31 0 0 31 
0 31 9 0 0 
0 31 8 0 31 
0 31 12 10 31 
31 0 0 15 0 
END
0 0 31 0 0 
8 31 0 31 1 
31 0 31 0 10 
0 0 0 31 13 
31 0 0 4 4 
END
0 0 0 31 31 
31 10 0 31 31 
0 0 9 0 0 
31 0 31 0 0 
5 31 31 0 31 
END
31 31 31 14 0 
31 31 31 31 12 
0 0 13 31 0 
0 31 0 0 0 
0 0 6 0 0 
END
1 0 0 0 31 
0 0 2 4 11 
0 31 0 0 14 
0 0 31 31 1 
31 0 31 0 0 
END
0 1 31 31 0 
31 0 0 31 0 
0 31 12 0 31 
0 9 6 0 0 
31 31 0 0 4 
END
31 31 31 0 0 
31 31 0 0 0 
0 10 4 4 31 
0 0 0 31 14 
0 31 0 0 31 
END
0 31 0 0 0 
0 31 12 0 0 
0 0 31 8 12 
3 11 0 31 0 
31 0 31 31 7 
END
8 0 0 0 11 
0 0 31 31 31 
31 0 0 31 0 
31 10 31 0 0 
0 31 0 0 31 
END
11 0 0 0 31 
13 0 31 13 0 
0 0 0 31 31 
4 0 0 0 31 
31 31 11 31 0 
END
31 1 0 9 31 
0 12 0 12 31 
11 31 0 31 0 
0 0 0 0 0 
31 31 0 13 0 
END
0 13 31 0 0 
0 13 2 1 7 
0 7 0 31 0 
0 31 0 0 31 
0 0 0 31 31 
END
31 0 12 0 31 
10 14 0 10 0 
0 0 0 0 0 
0 0 31 31 31 
0 31 0 5 31 
END
31 31 12 0 0 
31 12 11 0 0 
31 31 31 0 31 
12 0 0 0 0 
0 0 0 12 15 
END
31 0 10 0 31 
0 0 0 15 0 
8 9 1 0 31 
0 0 9 0 10 
0 0 6 0 31 
END
0 0 0 0 11 
31 0 31 0 0 
31 0 31 10 31 
0 0 7 0 31 
9 0 10 31 0 
END
0 10 0 0 3 
31 0 0 0 0 
0 0 31 0 31 
10 15 31 31 31 
31 2 0 0 0 
END
0 31 0 0 0 
0 31 0 31 31 
31 0 3 31 0 
0 0 13 0 15 
31 3 0 31 0 
END
0 9 31 0 0 
0 0 0 0 0 
0 31 10 11 31 
11 31 31 0 14 
0 31 0 31 15 
END
31 0 0 0 0 
0 31 0 0 0 
7 14 9 13 0 
9 31 31 31 31 
0 0 14 0 0 
END
0 14 15 0 0 
0 0 0 0 31 
13 31 4 31 0 
5 31 31 0 31 
14 2 0 0 0 
END
1 0 31 31 0 
0 0 0 31 31 
0 2 0 31 15 
31 31 0 2 0 
0 0 31 0 0 
END
31 31 0 0 1 
31 0 31 0 2 
0 31 31 0 0 
15 0 0 0 31 
0 31 31 0 0 
END
15 0 0 4 0 
31 0 0 31 31 
31 0 0 14 0 
0 0 31 10 0 
15 0 31 5 13 
END
31 31 12 0 14 
0 0 0 31 31 
31 13 0 0 0 
0 31 0 0 0 
0 31 8 31 9 
END
0 31 0 13 0 
0 6 0 31 0 
31 0 11 0 12 
12 0 13 0 0 
31 0 15 0 8 
END
0 10 31 0 31 
15 14 31 0 0 
0 0 31 31 0 
0 0 12 0 0 
31 31 31 31 0 
END
31 31 0 31 0 
31 0 31 11 31 
4 0 0 31 0 
0 31 0 31 0 
0 0 0 12 0 
END
0 0 31 0 0 
10 31 31 31 31 
0 0 10 9 31 
0 0 14 0 0 
3 0 0 31 0 
END
0 0 0 0 0 
6 0 0 0 31 
31 0 31 11 0 
14 31 0 0 10 
31 31 2 31 11 
END
15 0 0 0 14 
0 15 0 0 31 
31 31 31 31 0 
0 0 0 31 0 
31 31 0 31 0 
END
31 13 15 31 0 
0 0 0 31 1 
0 0 0 1 0 
0 31 0 0 15 
31 10 0 31 0 
END
31 31 31 0 0 
15 0 0 0 31 
0 10 0 5 31 
0 0 4 0 31 
0 31 0 2 0 
END
31 0 10 9 0 
31 0 0 13 0 
7 4 31 0 0 
0 0 13 31 31 
0 31 0 11 0 
END
31 0 0 4 0 
0 0 0 31 9 
13 15 31 0 14 
0 11 0 0 9 
0 7 0 0 31 
END
0 0 14 0 0 
31 0 0 8 10 
11 15 0 31 0 
0 0 0 0 31 
11 14 31 31 31 
END
31 9 31 1 0 
0 31 0 2 0 
0 0 0 0 13 
0 0 0 31 13 
31 0 12 31 15 
END
0 0 31 0 0 
31 0 31 4 0 
31 9 0 0 0 
31 15 0 31 8 
0 0 15 0 3 
END
0 31 0 11 31 
3 0 0 31 12 
0 0 0 0 31 
0 31 31 31 0 
0 10 0 15 0 
END
31 15 0 31 0 
31 31 0 31 0 
0 0 31 0 0 
31 0 13 0 31 
0 0 0 31 3 
END
13 0 0 0 0 
0 0 0 31 31 
31 31 31 10 0 
31 31 0 0 31 
0 9 31 0 31 
END
31 0 0 3 0 
31 11 0 0 9 
31 31 0 14 31 
12 31 0 0 0 
0 10 0 9 0 
END
0 31 0 31 0 
0 0 31 31 0 
31 11 31 0 14 
31 0 0 0 0 
13 0 0 31 31 
END
12 31 31 0 0 
31 10 31 9 6 
0 0 12 31 0 
0 31 0 0 0 
0 0 0 0 12 
END
0 31 13 31 0 
0 31 0 0 0 
0 31 15 0 0 
31 0 7 0 0 
31 13 12 14 0 
END
31 14 31 0 31 
0 0 0 0 1 
0 7 31 31 0 
0 0 0 31 31 
0 31 0 0 31 
END
0 0 31 0 31 
31 10 31 0 31 
0 0 31 0 31 
0 31 0 0 31 
31 0 31 12 0 
END
0 13 12 6 31 
31 4 0 0 31 
9 0 31 0 2 
31 31 0 3 0 
0 0 0 0 0 
END
31 31 0 0 31 
12 0 0 13 0 
0 9 10 0 0 
31 14 0 2 0 
7 0 0 31 0 
END
31 31 0 31 0 
0 31 0 31 31 
0 31 31 0 0 
0 31 0 9 0 
0 9 0 0 31 
END
31 31 0 0 9 
31 31 0 31 0 
0 0 0 0 5 
0 0 0 0 3 
31 0 6 31 31 
END
31 3 0 2 0 
2 2 0 31 31 
0 0 31 0 14 
0 0 12 0 0 
0 31 0 31 0 
END
0 5 14 0 0 
31 14 14 0 31 
31 0 0 0 31 
0 12 0 0 13 
9 31 0 0 7 
END
2 31 4 31 0 
0 31 12 0 31 
0 0 31 0 0 
0 0 0 15 0 
31 12 31 0 0 
END
0 0 0 0 0 
0 0 31 31 31 
5 15 0 0 12 
5 31 0 4 0 
6 31 31 0 0 
END
31 0 0 31 12 
12 0 31 14 0 
31 0 0 11 31 
0 31 0 0 0 
9 0 31 31 0 
END
0 31 31 0 2 
0 31 0 10 0 
31 31 0 0 31 
31 0 0 0 31 
13 0 31 31 0 
END
0 31 0 31 0 
31 2 0 31 0 
0 0 0 31 0 
31 11 0 31 0 
0 12 10 31 31 
END
3 0 0 0 31 
31 31 31 31 9 
0 0 13 31 0 
31 12 31 0 0 
0 0 0 8 0 
END
0 10 13 0 0 
10 31 31 0 31 
0 0 31 0 13 
3 31 0 31 0 
0 31 31 0 0 
END
14 0 0 0 0 
0 31 31 0 0 
0 31 0 31 0 
0 10 10 31 0 
31 0 31 8 31 
END
0 5 0 14 0 
0 0 0 31 31 
0 31 0 0 0 
31 0 8 13 31 
6 31 0 31 31 
END
0 0 0 31 0 
0 31 31 10 31 
31 31 0 0 0 
0 5 6 10 11 
31 0 31 0 0 
END
0 0 31 31 31 
0 0 0 0 0 
13 5 31 0 1 
0 0 6 0 0 
8 31 15 31 9 
END
0 0 31 0 31 
31 0 31 31 31 
0 31 0 0 31 
0 0 31 4 0 
31 31 31 0 0 
END
0 0 0 9 0 
0 0 4 0 31 
31 0 0 31 8 
0 9 12 31 0 
31 3 31 0 0 
END
0 0 7 14 0 
31 0 0 0 31 
0 1 31 31 15 
31 31 0 0 0 
31 31 0 1 0 
END
11 10 0 0 0 
7 0 31 31 0 
0 0 31 31 31 
31 0 31 0 0 
0 31 0 31 0 
END
0 31 0 0 0 
0 31 0 0 31 
0 31 4 13 0 
31 31 31 31 0 
31 31 31 0 0 
END
11 0 0 5 31 
31 0 31 0 3 
11 8 0 31 0 
0 0 0 31 5 
12 0 0 0 0 
END
11 31 31 0 0 
0 31 0 31 31 
7 0 31 0 31 
31 0 4 1 0 
0 31 0 0 0 
END
9 0 0 0 31 
31 0 14 0 0 
31 0 0 0 11 
13 0 31 31 0 
14 4 12 31 0 
END
31 10 31 0 10 
31 0 31 31 0 
0 9 0 0 31 
0 0 0 31 0 
0 0 31 31 8 
END
31 7 0 0 0 
11 31 31 31 11 
31 0 0 0 0 
0 0 31 31 0 
0 0 0 15 11 
END
0 13 31 0 31 
0 0 11 31 8 
0 0 10 0 31 
12 14 0 31 0 
0 0 0 31 0 
END
10 31 0 0 10 
31 31 0 31 0 
0 11 31 31 0 
0 0 0 0 0 
31 31 0 0 31 
END
31 8 31 11 7 
0 0 0 0 14 
2 9 31 31 0 
0 0 0 31 31 
8 0 0 0 0 
END
0 0 31 9 0 
31 0 0 31 0 
31 0 0 13 11 
0 31 0 31 12 
13 31 0 0 0 
END
0 0 31 5 0 
0 0 1 0 14 
31 31 0 0 15 
13 31 10 31 0 
31 31 0 0 0 
END
0 31 0 31 0 
13 0 12 0 31 
5 0 0 31 0 
0 31 31 4 0 
31 0 0 13 0 
END
31 31 0 0 31 
0 12 0 31 31 
14 9 31 0 0 
0 31 31 0 0 
7 0 0 0 31 
END
11 31 31 0 0 
0 0 31 31 31 
8 0 0 31 0 
0 9 0 31 2 
0 11 0 0 6 
END
0 31 0 31 2 
0 0 0 15 31 
31 31 0 0 0 
31 0 0 4 7 
31 13 0 31 0 
END
31 31 0 31 0 
11 9 0 0 31 
0 31 0 0 31 
0 31 0 0 0 
14 31 0 4 31 
END
31 31 4 0 0 
0 31 0 31 13 
0 0 31 0 0 
0 31 31 0 31 
0 2 0 0 31 
END
0 4 0 12 13 
31 31 0 13 31 
0 31 0 0 0 
0 31 0 10 0 
0 31 0 10 31 
END
0 6 12 0 31 
31 0 0 31 0 
0 8 31 0 4 
1 0 0 0 15 
31 31 0 0 0 
END
31 0 0 31 0 
31 31 0 15 0 
0 31 0 7 2 
0 3 15 31 31 
0 0 0 0 31 
END
15 31 8 0 0 
0 0 31 6 8 
31 0 0 13 0 
31 11 0 15 0 
0 0 0 12 0 
END
0 0 14 0 0 
31 6 31 0 31 
0 31 0 13 0 
0 31 0 0 0 
0 31 8 31 31 
END
31 6 31 0 31 
31 0 13 12 11 
0 31 0 13 0 
0 9 0 0 31 
0 0 0 0 0 
END
8 0 0 8 31 
31 5 12 0 31 
0 0 14 0 11 
0 0 0 10 0 
0 7 31 31 0 
END
15 2 5 0 0 
31 0 3 13 5 
12 0 12 10 0 
0 0 0 31 0 
0 15 0 0 0 
END
0 0 0 0 0 
31 31 12 31 31 
0 31 0 11 0 
12 31 31 9 0 
0 31 0 0 14 
END
4 31 0 0 0 
11 12 0 31 0 
31 0 31 31 0 
31 31 31 0 0 
31 3 0 0 0 
END
0 31 31 0 0 
0 31 0 9 0 
0 0 0 31 0 
7 31 14 0 31 
31 0 31 0 5 
END
13 31 0 31 0 
0 0 11 0 1 
0 0 31 0 0 
31 0 12 31 0 
0 14 1 0 15 
END
12 0 31 0 31 
31 10 0 13 12 
0 10 9 0 31 
12 0 0 0 31 
1 0 0 0 0 
END
0 31 14 6 5 
31 11 0 0 0 
0 0 14 13 0 
15 0 31 0 31 
0 0 0 2 0 
END
31 31 9 0 31 
0 13 0 0 31 
0 31 0 0 6 
0 0 15 10 31 
0 0 31 0 0 
END
0 8 0 31 0 
31 0 0 0 31 
0 12 0 11 0 
4 31 31 0 0 
31 10 0 31 0 
END
0 0 0 15 31 
6 31 31 0 8 
0 0 0 31 0 
0 14 0 1 15 
0 0 31 0 15 
END
31 0 31 15 0 
0 0 0 31 0 
0 0 7 31 12 
31 0 31 0 0 
15 10 0 0 31 
END
0 0 0 0 31 
0 12 14 31 0 
0 15 0 31 0 
31 0 31 31 14 
0 0 0 31 31 
END
9 0 8 15 31 
14 0 0 31 0 
0 31 0 10 0 
0 0 0 31 0 
15 31 0 31 2 
END
0 31 0 0 31 
0 31 0 31 7 
31 31 0 0 0 
10 31 0 4 0 
0 14 0 31 0 
END
31 0 31 31 0 
0 31 31 0 0 
1 0 0 31 0 
0 31 0 31 31 
6 31 31 0 0 
END
0 0 0 31 31 
31 0 0 0 0 
31 12 0 15 3 
12 31 0 0 2 
14 0 31 31 0 
END
11 0 31 15 31 
31 10 0 31 31 
0 13 31 0 0 
0 0 0 0 9 
0 0 0 3 0 
END
31 31 0 0 14 
0 0 10 1 0 
0 0 31 31 31 
0 0 0 0 0 
31 12 11 31 31 
END
0 0 31 31 0 
31 0 9 12 31 
14 0 31 0 0 
2 0 31 8 31 
0 0 0 0 0 
END
6 0 0 31 31 
31 0 31 0 0 
31 31 31 0 31 
31 0 31 0 31 
0 0 0 0 31 
END
31 11 31 0 31 
0 0 11 31 0 
31 0 0 31 13 
0 0 0 31 31 
0 31 0 0 7 
END
31 31 0 0 0 
0 31 0 0 31 
31 0 0 13 0 
0 0 5 31 31 
0 31 0 11 31 
END
0 15 31 31 0 
31 0 0 12 0 
0 9 31 0 0 
9 0 10 4 0 
0 31 31 0 31 
END
6 31 0 13 0 
0 0 11 0 31 
0 0 9 0 9 
31 31 12 0 0 
0 31 31 0 0 
END
0 31 31 12 0 
0 4 0 0 0 
0 9 31 0 31 
10 0 31 0 0 
2 0 31 0 31 
END
31 9 31 1 10 
0 0 0 0 0 
31 31 0 0 0 
0 0 15 31 13 
0 31 7 0 0 
END
6 0 0 31 0 
0 0 0 1 1 
0 31 31 31 31 
7 13 12 0 0 
31 0 0 6 0 
END
0 8 15 12 10 
0 0 31 0 10 
0 5 0 0 0 
31 0 31 0 0 
31 31 31 31 0 
END
31 31 0 31 0 
31 13 31 7 0 
0 0 0 5 0 
15 0 31 14 0 
0 15 0 0 31 
END
31 0 31 10 0 
13 0 15 0 0 
0 0 0 0 31 
0 31 0 14 31 
31 10 0 9 9 
END
5 31 31 0 31 
31 31 0 31 0 
0 31 11 0 0 
0 0 0 0 31 
1 31 0 0 0 
END
31 0 0 14 0 
31 1 31 0 0 
31 0 0 7 0 
0 15 1 0 31 
0 31 7 0 31 
END
31 0 31 31 0 
0 0 31 0 5 
0 8 0 0 0 
31 31 0 31 31 
0 2 9 31 0 
END
0 0 31 31 0 
0 0 14 0 9 
31 31 0 31 31 
31 31 0 0 0 
31 0 0 31 0 
END
31 4 0 0 31 
0 0 0 0 31 
31 31 15 0 0 
8 0 0 31 8 
13 31 0 0 0 
END
31 0 31 31 31 
0 0 31 1 7 
0 0 0 0 0 
31 0 31 0 12 
0 0 0 31 31 
END
31 31 0 12 0 
31 31 31 0 0 
0 31 0 31 31 
31 31 0 0 31 
0 0 0 0 31 
END
31 31 31 0 0 
10 5 0 0 13 
14 0 31 0 5 
0 0 0 0 8 
0 0 31 31 0 
END
12 13 0 12 31 
0 7 0 0 31 
1 12 31 31 0 
31 31 0 0 2 
0 0 0 0 0 
END
1 0 31 12 31 
0 0 0 0 15 
0 0 5 0 1 
31 0 31 0 8 
31 0 0 3 31 
END
0 8 0 31 31 
0 12 0 31 0 
0 7 0 6 31 
31 0 0 31 0 
0 5 0 31 0 
END
31 13 31 0 31 
31 0 13 6 15 
0 0 31 10 0 
31 10 0 0 0 
0 0 31 0 0 
END
0 2 14 9 0 
31 31 31 0 14 
0 0 31 31 0 
10 0 0 11 0 
0 0 0 4 31 
END
31 0 0 5 0 
31 12 3 0 11 
12 0 0 0 31 
0 31 0 0 0 
5 5 31 0 0 
END
31 0 2 0 0 
0 31 14 0 11 
0 13 0 0 0 
4 10 31 31 15 
0 0 0 0 31 
END
13 31 4 0 0 
0 31 0 0 31 
0 31 0 31 31 
12 31 31 0 0 
31 0 0 0 0 
END
31 1 9 0 31 
10 15 0 0 0 
31 6 31 31 31 
0 0 0 0 31 
31 0 0 0 0 
END
31 31 31 0 0 
0 31 9 0 0 
14 0 0 0 0 
0 4 31 0 11 
31 0 31 0 31 
END
0 31 0 11 2 
31 0 31 0 15 
0 0 0 0 31 
31 31 31 0 31 
0 0 8 0 31 
END
31 0 5 31 31 
31 31 0 0 0 
0 0 31 0 31 
0 13 0 0 31 
31 0 31 0 31 
END
4 0 0 13 31 
0 0 31 14 31 
0 0 0 12 31 
14 12 0 0 31 
31 0 0 0 15 
END
31 31 31 0 0 
31 31 31 0 0 
31 31 0 0 0 
0 0 0 0 31 
14 0 6 31 0 
END
0 31 31 2 6 
0 0 0 14 0 
0 0 10 0 31 
0 13 0 31 0 
31 31 0 0 10 
END
0 31 31 11 0 
0 0 31 9 4 
0 0 2 0 0 
13 31 0 31 0 
0 31 13 31 0 
END
0 31 12 31 31 
0 31 31 31 31 
0 0 0 0 31 
31 0 14 0 14 
0 0 0 0 0 
END
31 31 31 15 0 
0 0 31 0 0 
31 31 0 0 10 
31 31 14 0 0 
0 0 0 2 0 
END
0 0 0 31 0 
31 0 31 31 5 
9 6 0 0 31 
0 31 0 0 0 
31 31 31 0 31 
END
31 0 31 0 0 
5 0 0 0 12 
31 0 31 0 0 
0 11 0 31 31 
0 31 31 3 31 
END
0 0 31 0 0 
0 31 11 31 0 
31 0 0 0 0 
31 0 31 7 31 
31 0 11 31 14 
END
0 0 0 0 31 
31 0 31 0 0 
0 11 0 31 0 
31 31 0 10 31 
15 15 8 31 0 
END
0 31 0 31 0 
31 9 0 0 9 
0 31 0 31 31 
0 31 0 0 0 
31 31 0 31 0 
END
31 0 13 11 0 
31 0 31 0 0 
0 6 7 0 0 
0 15 14 0 0 
0 31 14 9 10 
END
0 0 0 12 9 
1 31 31 0 31 
0 0 11 31 0 
1 15 0 0 0 
15 0 31 31 0 
END
13 0 0 31 0 
31 31 15 0 0 
0 0 31 0 31 
31 31 31 0 31 
0 0 0 0 31 
END
0 0 31 0 31 
31 2 31 0 0 
1 31 0 31 31 
31 0 8 0 31 
0 0 14 0 0 
END
0 14 31 0 31 
31 31 14 0 31 
0 0 31 0 0 
0 31 31 0 31 
0 31 0 0 0 
END
0 5 0 0 0 
0 7 31 0 0 
0 0 31 31 1 
31 0 12 0 31 
6 0 10 9 12 
END
0 31 0 0 0 
31 31 31 0 31 
31 0 13 0 13 
0 9 14 31 31 
0 31 0 0 0 
END
10 0 0 0 31 
0 0 5 31 0 
0 31 31 31 1 
0 31 0 31 13 
0 5 0 0 0 
END
0 31 11 0 31 
0 0 14 14 0 
31 31 31 6 0 
10 0 0 0 0 
0 0 0 31 31 
END
0 31 31 31 14 
31 31 0 31 0 
5 31 0 0 0 
0 0 0 31 31 
31 0 0 0 0 
END
0 31 0 31 0 
0 0 31 31 8 
0 31 31 0 31 
0 7 0 0 0 
31 31 0 31 0 
END
0 31 14 0 0 
31 0 15 31 0 
0 0 0 31 31 
1 31 0 0 0 
14 31 0 0 1 
END
0 31 0 31 3 
31 0 0 0 0 
0 13 12 0 31 
0 31 31 0 6 
11 0 0 0 3 
END
0 31 1 31 0 
1 0 0 0 10 
7 31 14 0 31 
15 9 0 0 31 
0 0 31 0 0 
END
0 0 0 0 31 
5 14 0 0 0 
0 0 0 31 3 
0 12 31 31 31 
31 0 31 12 31 
END
0 0 0 0 0 
31 31 31 7 0 
31 0 0 31 0 
31 0 0 31 15 
0 31 0 9 31 
END
31 9 0 1 0 
31 0 4 0 0 
31 0 14 0 0 
31 10 0 0 4 
0 0 31 0 31 
END
0 31 31 14 0 
4 0 0 5 9 
0 0 0 31 9 
0 6 0 31 0 
31 15 7 0 0 
END
0 31 0 0 0 
0 10 0 9 31 
0 0 31 31 0 
12 0 31 9 12 
4 0 0 0 10 
END
31 31 6 0 0 
31 10 0 8 0 
8 7 0 31 0 
0 0 0 31 0 
0 0 31 31 0 
END
31 0 31 9 31 
0 9 31 0 0 
5 0 0 31 31 
31 4 3 0 0 
0 5 0 0 0 
END
0 31 0 0 0 
31 0 11 13 8 
0 31 0 0 0 
31 31 31 31 31 
0 0 0 0 31 
END
1 0 0 0 5 
31 0 0 0 15 
31 0 13 0 5 
31 13 0 0 10 
4 3 4 0 0 
END
10 7 31 6 31 
0 0 12 10 0 
0 0 0 0 31 
0 0 31 0 31 
31 6 31 0 0 
END
31 31 0 14 0 
14 31 0 0 0 
31 31 31 0 0 
0 0 11 0 31 
14 31 0 0 0 
END
0 0 0 0 0 
31 9 0 31 9 
0 14 10 4 0 
0 0 31 31 0 
31 31 0 0 13 
END
31 31 0 0 31 
0 31 0 14 0 
0 13 31 31 0 
31 31 0 0 31 
31 0 0 0 11 
END
0 0 8 13 0 
7 9 0 0 0 
31 11 14 10 0 
0 0 0 31 0 
12 0 4 14 0 
END
9 31 0 11 0 
0 0 31 14 15 
0 31 0 0 0 
31 0 1 0 7 
0 0 31 31 0 
END
0 0 0 31 14 
15 0 0 15 10 
12 31 31 0 12 
31 31 14 0 0 
0 31 0 0 0 
END
15 7 0 31 0 
31 0 14 7 0 
4 0 3 0 0 
31 0 0 0 0 
0 31 31 0 31 
END
1 10 9 0 0 
5 0 15 0 31 
0 0 31 0 0 
31 13 0 0 2 
13 13 31 0 0 
END
31 0 11 31 12 
0 0 0 14 0 
0 8 0 31 0 
7 2 0 0 31 
31 0 31 0 11 
END
0 0 0 31 9 
0 0 31 31 0 
0 31 0 0 31 
15 0 31 0 10 
2 2 0 0 31 
END
31 1 31 10 0 
9 31 31 0 0 
0 0 0 0 0 
31 10 31 31 13 
0 0 0 0 0 
END
7 0 4 0 0 
0 0 0 0 0 
5 31 0 31 0 
0 31 31 0 31 
7 9 31 31 0 
END
0 0 0 7 31 
0 0 3 11 31 
0 1 0 0 0 
31 31 0 0 31 
0 12 10 0 2 
END
0 0 12 15 7 
12 0 0 10 13 
0 0 31 0 0 
0 0 0 0 31 
0 8 13 9 14 
END
0 0 11 31 0 
0 31 0 31 1 
1 0 15 0 31 
15 0 31 12 0 
31 0 0 0 31 
END
31 0 0 0 0 
0 0 12 12 31 
0 0 0 31 31 
0 5 2 31 0 
31 7 0 31 31 
END
31 31 0 5 31 
0 31 0 0 6 
31 31 0 0 0 
0 31 2 0 0 
0 0 31 31 31 
END
31 0 1 0 31 
31 0 0 0 31 
0 31 0 11 15 
31 0 31 0 0 
0 13 4 0 1 
END
0 0 0 0 10 
12 31 0 8 0 
0 31 31 0 6 
0 0 0 1 12 
0 0 31 12 31 
END
0 31 31 31 31 
0 0 31 0 0 
0 31 0 0 0 
0 12 31 31 7 
0 4 0 31 0 
END
3 31 31 0 0 
10 31 0 11 0 
2 31 6 0 0 
0 31 7 0 0 
0 31 31 0 0 
END
0 0 31 0 15 
3 0 12 31 31 
12 31 0 0 31 
0 0 0 0 31 
0 31 31 0 31 
END
31 0 0 0 6 
31 0 0 0 0 
31 31 0 10 0 
0 0 0 0 31 
31 31 31 15 31 
END
0 6 31 0 31 
31 15 0 1 31 
31 0 31 0 31 
0 0 0 0 0 
31 0 0 13 9 
END
14 31 1 31 0 
31 15 31 31 31 
31 0 0 0 0 
0 0 0 31 0 
31 0 0 31 0 
END
0 7 31 31 31 
0 14 0 31 0 
0 0 0 0 6 
0 14 0 0 31 
0 14 7 31 0 
END
0 0 0 31 31 
0 31 0 0 31 
31 0 10 0 15 
15 12 0 0 31 
31 0 0 0 31 
END
0 31 0 31 31 
0 0 11 0 0 
31 31 0 0 31 
8 31 0 0 31 
0 14 31 31 0 
END
31 0 0 31 0 
0 0 31 0 0 
7 31 31 31 0 
31 31 15 0 0 
6 31 0 0 4 
END
0 0 31 11 0 
0 15 11 31 9 
0 0 0 31 31 
0 31 0 0 0 
0 0 31 9 10 
END
0 0 31 0 0 
0 31 0 0 31 
0 0 31 31 2 
0 31 0 31 10 
0 31 0 31 12 
END
0 0 7 0 0 
0 7 0 31 31 
0 31 9 0 0 
3 0 31 14 7 
11 0 13 0 31 
END
0 14 14 0 31 
31 0 0 0 31 
0 0 0 0 31 
0 0 31 3 0 
0 31 9 31 31 
END
14 14 0 31 3 
0 0 0 31 0 
15 0 0 0 0 
31 31 10 0 0 
31 0 9 31 31 
END
0 0 0 0 0 
0 31 0 31 0 
0 31 31 6 5 
0 11 0 0 3 
31 0 31 31 31 
END
0 15 0 31 31 
31 0 31 31 0 
0 6 31 0 0 
0 31 0 31 0 
31 0 0 5 0 
END
2 11 0 12 0 
31 0 0 0 12 
0 31 31 0 0 
14 0 31 13 0 
31 0 0 31 0 
END
0 31 0 0 0 
12 31 0 6 31 
0 31 0 0 3 
13 0 31 0 8 
15 0 31 0 31 
END
0 0 0 8 0 
31 0 0 0 0 
5 31 0 0 15 
1 10 15 31 10 
0 7 0 13 3 
END
31 5 0 0 0 
31 0 0 0 10 
0 31 31 0 0 
3 31 31 0 31 
9 0 31 31 0 
END
0 0 0 0 11 
9 0 2 10 0 
0 12 0 31 31 
0 0 7 31 31 
31 0 0 14 13 
END
2 0 31 0 0 
0 0 15 0 31 
2 0 0 0 31 
31 0 10 31 31 
31 0 0 0 31 
END
31 5 12 0 0 
0 0 31 10 31 
31 0 31 0 0 
3 0 31 0 0 
0 0 31 0 31 
END
31 31 14 15 0 
9 0 0 0 0 
0 31 0 31 0 
0 31 31 0 31 
0 31 0 0 13 
END
31 31 0 31 6 
0 31 31 0 0 
0 7 4 31 0 
0 8 0 0 0 
31 14 0 0 0 
END
0 6 31 0 0 
14 0 0 31 31 
8 0 31 0 0 
6 0 31 0 31 
0 14 0 0 31 
END
12 11 13 31 0 
0 31 0 0 31 
0 0 0 0 0 
1 31 31 0 31 
31 0 31 0 9 
END
31 3 0 0 31 
0 0 0 10 31 
31 0 0 0 31 
0 0 0 9 0 
15 0 14 31 11 
END
12 14 0 2 0 
31 0 0 0 31 
15 31 0 31 0 
11 12 31 0 0 
0 31 0 0 31 
END
0 31 10 0 31 
31 13 1 0 0 
10 0 0 0 0 
13 0 7 10 0 
8 31 0 0 0 
END
7 0 0 0 31 
0 0 1 2 0 
31 0 0 31 0 
14 10 13 0 0 
13 0 31 12 15 
END
0 10 31 31 13 
15 31 0 7 31 
0 0 0 0 0 
11 0 0 0 0 
0 12 0 31 31 
END
0 0 31 31 0 
31 0 0 31 0 
5 0 0 0 0 
31 31 31 11 31 
31 0 0 31 15 
END
31 31 0 9 0 
0 14 31 0 31 
10 0 15 4 0 
0 0 31 31 0 
0 31 31 0 0 
END
0 31 31 0 10 
6 0 31 0 31 
0 4 0 0 31 
0 0 31 0 0 
31 7 31 0 0 
END
11 0 0 0 31 
0 0 0 10 0 
0 0 6 11 31 
31 31 0 14 0 
0 2 0 31 31 
END
12 12 31 0 31 
0 0 13 0 31 
0 31 31 0 0 
0 31 0 6 11 
0 13 0 31 0 
END
10 0 31 0 0 
0 0 15 0 7 
0 3 31 0 31 
31 0 0 0 31 
6 31 31 0 0 
END
0 0 7 8 4 
31 31 0 0 31 
0 31 31 13 0 
0 31 0 31 0 
9 0 0 0 0 
END
0 15 31 9 31 
0 13 31 11 12 
0 31 31 31 0 
0 0 0 13 0 
0 31 0 0 0 
END
4 0 3 0 0 
31 31 13 0 0 
15 0 0 0 31 
14 31 0 31 0 
31 0 0 15 15 
END
31 31 14 0 14 
0 0 0 0 31 
0 13 13 31 0 
0 31 31 0 0 
1 31 0 31 0 
END
0 13 31 2 9 
31 31 0 0 12 
0 14 0 10 0 
0 31 0 0 0 
0 0 0 31 31 
END
0 0 31 0 31 
31 0 0 7 12 
31 1 0 31 11 
9 0 0 0 31 
0 0 0 31 0 
END
7 31 0 0 0 
0 31 12 0 12 
0 31 0 0 9 
13 0 31 1 0 
31 31 0 0 0 
END
31 0 0 7 31 
13 0 0 0 0 
31 0 8 0 0 
0 0 31 31 0 
31 0 9 31 8 
END
0 31 15 31 0 
0 9 11 0 31 
31 0 31 11 0 
0 0 9 0 0 
0 0 31 31 15 
END
10 31 0 0 15 
14 0 31 0 1 
0 31 0 31 31 
0 31 31 0 0 
0 3 0 0 9 
END
0 0 31 13 31 
0 0 31 1 31 
0 0 0 10 31 
0 31 0 12 2 
0 0 0 8 14 
END
14 14 0 0 0 
0 31 31 0 2 
0 0 31 0 31 
12 2 0 0 31 
0 0 31 10 0 
END
31 0 0 31 0 
10 31 31 12 0 
0 31 0 0 31 
0 31 12 0 0 
0 9 0 3 12 
END
15 0 14 0 31 
10 0 31 31 0 
0 0 0 31 31 
31 0 0 0 0 
4 0 0 31 31 
END
8 0 0 5 0 
0 31 0 31 0 
11 0 11 31 31 
0 31 0 0 0 
31 31 31 0 0 
END
14 15 31 0 0 
31 0 0 31 0 
0 0 0 12 0 
0 31 5 31 12 
0 31 31 0 0 
END
31 0 14 0 0 
6 31 0 9 0 
0 0 31 0 0 
0 2 31 31 11 
0 0 31 31 0 
END
0 0 31 0 1 
31 2 31 31 0 
0 11 31 0 31 
0 31 0 0 31 
31 0 0 0 0 
END
0 0 31 0 9 
0 0 31 0 0 
0 0 0 31 31 
10 31 13 31 2 
31 9 0 12 0 
END
31 31 0 0 0 
0 10 13 13 0 
0 0 14 31 0 
31 0 3 31 0 
10 0 31 0 0 
END
11 0 0 31 31 
0 31 0 0 0 
3 31 31 0 5 
13 0 0 31 0 
0 0 31 31 6 
END
0 31 0 0 0 
31 0 0 0 31 
0 31 7 31 31 
0 31 31 0 31 
0 14 0 31 31 
END
0 0 0 12 31 
31 31 0 31 0 
0 0 0 31 31 
0 0 0 2 31 
4 5 0 31 8 
END
31 0 0 0 14 
0 0 31 0 0 
31 31 31 0 0 
8 0 9 0 31 
3 31 0 31 12 
END
31 0 0 0 12 
0 31 31 31 31 
15 0 0 13 7 
31 0 0 31 0 
0 31 31 0 0 
END
12 0 0 13 0 
5 0 0 31 0 
31 31 0 0 4 
0 31 15 0 0 
0 0 31 31 4 
END
31 0 0 0 0 
0 11 11 0 3 
0 0 15 31 31 
0 31 0 2 9 
0 12 0 11 0 
END
31 31 31 0 0 
0 0 0 31 12 
0 3 31 31 11 
10 0 0 31 0 
0 31 0 0 31 
END
0 31 0 0 0 
0 31 0 11 0 
31 15 14 0 31 
31 31 0 0 31 
31 0 11 0 31 
END
0 0 11 0 13 
0 0 11 31 1 
31 31 11 0 13 
0 0 0 10 31 
0 0 31 0 31 
END
0 0 0 5 9 
0 0 0 0 0 
13 31 0 12 31 
31 31 0 31 9 
0 31 0 0 10 
END
11 14 0 31 0 
0 0 0 31 0 
31 0 31 31 0 
0 0 31 4 11 
31 9 0 0 0 
END
0 31 0 4 0 
31 0 0 31 0 
31 0 31 0 0 
8 0 31 0 12 
0 0 31 31 31 
END
14 0 11 0 31 
8 10 9 0 31 
0 0 0 0 31 
8 0 0 31 0 
10 10 0 0 9 
END
31 31 0 14 0 
0 0 5 31 12 
0 31 31 0 9 
0 0 31 31 0 
0 31 0 0 31 
END
0 31 0 0 1 
0 31 31 0 0 
31 5 0 0 31 
31 15 0 2 0 
7 0 13 0 0 
END
6 0 0 0 31 
0 11 31 31 5 
31 12 4 0 0 
0 0 0 31 0 
0 31 10 31 0 
END
31 0 5 31 0 
0 12 0 12 9 
0 15 0 0 31 
0 13 0 14 31 
31 0 1 0 0 
END
0 31 3 2 31 
0 31 31 31 0 
31 0 14 0 0 
31 13 0 0 0 
0 31 6 0 0 
END
31 0 14 0 0 
13 9 0 15 31 
0 31 9 15 0 
31 2 0 0 0 
0 0 0 0 31 
END
9 14 0 0 8 
0 0 3 12 0 
8 31 10 31 14 
0 0 0 31 0 
15 0 0 0 0 
END
0 0 14 0 7 
31 31 31 31 0 
0 31 31 0 0 
5 31 0 31 0 
0 0 0 0 11 
END
0 0 0 0 31 
0 0 7 31 0 
0 31 0 6 31 
14 0 31 9 31 
31 31 0 0 31 
END
31 0 12 0 0 
5 0 9 31 31 
13 0 0 0 0 
0 0 4 7 31 
0 0 0 9 31 
END
31 0 15 31 10 
0 0 0 0 0 
31 0 14 8 8 
2 9 14 0 0 
0 10 0 0 0 
END
31 0 31 0 13 
9 31 31 31 0 
0 31 6 0 0 
0 0 0 10 0 
0 14 0 0 31 
END
0 31 0 31 0 
8 0 15 0 0 
0 31 31 31 0 
0 31 9 31 0 
13 31 0 0 0 
END
31 0 0 0 9 
0 31 31 31 0 
0 0 31 0 6 
0 0 31 14 31 
1 31 0 31 0 
END
0 0 31 3 0 
0 0 15 0 31 
0 31 5 0 31 
0 15 0 0 9 
0 1 11 5 0 
END
31 31 0 31 0 
31 8 31 0 0 
0 5 31 31 0 
0 0 0 0 0 
9 9 14 0 14 
END
0 31 31 8 7 
31 0 31 31 31 
0 0 0 31 0 
0 31 0 0 0 
10 10 0 0 0 
END
0 31 31 31 10 
0 0 0 31 31 
13 31 0 12 0 
11 0 0 31 0 
0 14 15 0 0 
END
0 31 10 0 0 
6 0 31 0 31 
31 0 31 0 13 
6 0 0 0 0 
0 31 31 0 31 
END
31 8 0 0 0 
31 0 31 31 31 
0 12 0 0 0 
0 0 11 0 11 
1 0 0 31 13 
END
31 31 0 0 0 
0 31 0 3 0 
13 31 9 0 31 
31 0 13 0 0 
13 0 3 0 31 
END
31 12 31 31 31 
0 31 0 0 0 
0 13 0 31 0 
0 31 0 12 0 
0 12 31 0 31 
END
11 31 0 31 31 
10 31 13 0 15 
2 0 0 0 0 
11 13 31 0 31 
0 0 0 0 0 
END
0 0 31 8 0 
31 0 0 0 0 
31 5 0 0 9 
0 0 31 31 4 
0 31 9 31 0 
END
13 6 31 31 0 
0 31 0 31 0 
0 3 0 0 31 
31 31 31 0 0 
31 0 0 31 0 
END
31 0 0 0 31 
0 0 0 0 0 
0 31 0 31 7 
0 31 0 9 31 
31 13 2 11 0 
END
13 31 31 0 31 
0 0 14 0 12 
0 0 0 0 31 
0 0 7 0 9 
31 31 0 31 0 
END
